Crime ID,Month,Reported by,Falls within,Longitude,Latitude,Location,LSOA code,LSOA name,Crime type,Last outcome category,Context
313f996dbb6715a20aea85727944ad644e8ec62ee5c7ffea305013de022223b1,2012-12,City of London Police,City of London Police,-0.106453,51.518207,On or near Charterhouse Street,E01000916,Camden 027B,Other theft,Investigation complete; no suspect identified,
,2012-12,City of London Police,City of London Police,-0.111497,51.518226,On or near Pedestrian Subway,E01000914,Camden 028B,Anti-social behaviour,,
,2012-12,City of London Police,City of London Police,-0.111497,51.518226,On or near Pedestrian Subway,E01000914,Camden 028B,Anti-social behaviour,,
,2012-12,City of London Police,City of London Police,-0.097562,51.518864,On or near Parking Area,E01000001,City of London 001A,Anti-social behaviour,,
,2012-12,City of London Police,City of London Police,-0.097601,51.520699,On or near Carthusian Street,E01000001,City of London 001A,Anti-social behaviour,,
,2012-12,City of London Police,City of London Police,-0.097601,51.520699,On or near Carthusian Street,E01000001,City of London 001A,Anti-social behaviour,,
2161449d2862a7b2f35b20dfbbd7e2d51b31156e187bb116f5960dec472b2233,2012-12,City of London Police,City of London Police,-0.098062,51.517577,On or near Montague Street,E01000001,City of London 001A,Other theft,Investigation complete; no suspect identified,
9571e59c6479738ec900e44b17991fb90a4a4d62f730740c79d2ba3c15a01483,2012-12,City of London Police,City of London Police,-0.097334,51.521567,On or near Fann Street,E01000001,City of London 001A,Other theft,Investigation complete; no suspect identified,
03afdd1952971069fa31706212a9179387dd7b56645ad7da734072755542de86,2012-12,City of London Police,City of London Police,-0.098062,51.517577,On or near Montague Street,E01000001,City of London 001A,Other theft,Investigation complete; no suspect identified,
1b82154e1561c37b47e492ae54c90a63d3f4842550b2b5cbdc92b2b9fcd8506f,2012-12,City of London Police,City of London Police,-0.097053,51.518262,On or near Aldersgate Street,E01000001,City of London 001A,Other theft,Under investigation,
a8263cf611aac779666cf73c9d5c45c68738888b43567b3459286b8628a52696,2012-12,City of London Police,City of London Police,-0.098023,51.519905,On or near Long Lane,E01000001,City of London 001A,Other theft,Investigation complete; no suspect identified,
a9c1de1b8497bf414ae9c0819ec0faa635cab75e0b67d8ee993a4fa78b0abf99,2012-12,City of London Police,City of London Police,-0.097601,51.520699,On or near Carthusian Street,E01000001,City of London 001A,Other theft,Investigation complete; no suspect identified,
56c5e36d40b37b9ceb1aa2e0d4c55fc539868ccfc244dc228ce8678f42a91fc0,2012-12,City of London Police,City of London Police,-0.098062,51.517577,On or near Montague Street,E01000001,City of London 001A,Other theft,Investigation complete; no suspect identified,
431accdfa5197582ade96c339852ff8bc76dd6c971f9562073308b167fbc81ca,2012-12,City of London Police,City of London Police,-0.097736,51.520206,On or near Conference/Exhibition Centre,E01000001,City of London 001A,Other theft,Investigation complete; no suspect identified,
e8ff7b3297faceb7d82132fa65d3313498345f14c6f03af05daf98b55da92e80,2012-12,City of London Police,City of London Police,-0.097053,51.518262,On or near Aldersgate Street,E01000001,City of London 001A,Public disorder and weapons,Offender fined,
debf7435e890efa12b205f6a0c9f978e23e2e48f005368c42d5a09c25013c491,2012-12,City of London Police,City of London Police,-0.097277,51.515307,On or near St Martin'S Le Grand,E01000001,City of London 001A,Shoplifting,Offender fined,
c148452cf212d07066f5280a0026adfdea19da1d4a0ea53ad669e87171ecc69b,2012-12,City of London Police,City of London Police,-0.098572,51.516767,On or near King Edward Street,E01000001,City of London 001A,Violent crime,Investigation complete; no suspect identified,
,2012-12,City of London Police,City of London Police,-0.089596,51.518743,On or near New Union Street,E01000002,City of London 001B,Anti-social behaviour,,
,2012-12,City of London Police,City of London Police,-0.089596,51.518743,On or near New Union Street,E01000002,City of London 001B,Anti-social behaviour,,
,2012-12,City of London Police,City of London Police,-0.091649,51.518938,On or near Park/Open Space,E01000002,City of London 001B,Anti-social behaviour,,
,2012-12,City of London Police,City of London Police,-0.090348,51.519358,On or near Moor Lane,E01000002,City of London 001B,Anti-social behaviour,,
,2012-12,City of London Police,City of London Police,-0.091440,51.519807,On or near Silk Street,E01000002,City of London 001B,Anti-social behaviour,,
,2012-12,City of London Police,City of London Police,-0.089596,51.518743,On or near New Union Street,E01000002,City of London 001B,Anti-social behaviour,,
,2012-12,City of London Police,City of London Police,-0.089596,51.518743,On or near New Union Street,E01000002,City of London 001B,Anti-social behaviour,,
,2012-12,City of London Police,City of London Police,-0.093948,51.518077,On or near Monkwell Square,E01000002,City of London 001B,Anti-social behaviour,,
,2012-12,City of London Police,City of London Police,-0.091440,51.519807,On or near Silk Street,E01000002,City of London 001B,Anti-social behaviour,,
,2012-12,City of London Police,City of London Police,-0.089596,51.518743,On or near New Union Street,E01000002,City of London 001B,Anti-social behaviour,,
6c30541328406f7cc62de5ba49a061e0885e47f701dad8d720d8fc101ddc3ac3,2012-12,City of London Police,City of London Police,-0.093933,51.519812,On or near Conference/Exhibition Centre,E01000002,City of London 001B,Criminal damage and arson,Court result unavailable,
e813d3fe14cabff4f8e3b78dae2b623aa56df731b6a47eb1a21c903d1ec8ce6e,2012-12,City of London Police,City of London Police,-0.092297,51.518949,On or near Park/Open Space,E01000002,City of London 001B,Criminal damage and arson,Court result unavailable,
8a37a4b829e1f243eea06d821eb3f5e1b859926bd3f7cd8fdd2f0a4342d2c862,2012-12,City of London Police,City of London Police,-0.093933,51.519812,On or near Conference/Exhibition Centre,E01000002,City of London 001B,Other theft,Investigation complete; no suspect identified,
9a30ca80953b23502218f41a0205925996b770a4b5e475e2dfbe73601f642135,2012-12,City of London Police,City of London Police,-0.090348,51.519358,On or near Moor Lane,E01000002,City of London 001B,Other theft,Investigation complete; no suspect identified,
d60d150d02f7e36b7c290ff20cfc48c5a4abf18313917f3eb76eb7c85cd50609,2012-12,City of London Police,City of London Police,-0.090348,51.519358,On or near Moor Lane,E01000002,City of London 001B,Other theft,Investigation complete; no suspect identified,
65bbd05feab51f0096ed24c4a91faa8d6eb71df4d3f20060e220081cb4468556,2012-12,City of London Police,City of London Police,-0.093057,51.520085,On or near Theatre/Concert Hall,E01000002,City of London 001B,Other theft,Investigation complete; no suspect identified,
1af9edf1c6df23618f8b4d47211d32ff1bdb1efb809e164606ab1c9b922dcb6c,2012-12,City of London Police,City of London Police,-0.090348,51.519358,On or near Moor Lane,E01000002,City of London 001B,Other theft,Investigation complete; no suspect identified,
1058a88fcd40c026c171187edbaa7778dadd8bec28333af196db97d9e9c7e12a,2012-12,City of London Police,City of London Police,-0.090348,51.519358,On or near Moor Lane,E01000002,City of London 001B,Other theft,Investigation complete; no suspect identified,
783dd79f4bed274b3b5ae1da63c32c075e3c1a44720dc9cd2a5fa091a769e014,2012-12,City of London Police,City of London Police,-0.090348,51.519358,On or near Moor Lane,E01000002,City of London 001B,Other theft,Investigation complete; no suspect identified,
9ef51b6b69497e57af57f4018cd3b664ecf95be5dd2a28836a992d2ecef16a5b,2012-12,City of London Police,City of London Police,-0.093057,51.520085,On or near Theatre/Concert Hall,E01000002,City of London 001B,Other theft,Investigation complete; no suspect identified,
2c6fa37dc6c91ecb0719fb402b0bbba785532a2da5b220975a3bc84c290e4617,2012-12,City of London Police,City of London Police,-0.090348,51.519358,On or near Moor Lane,E01000002,City of London 001B,Public disorder and weapons,Investigation complete; no suspect identified,
211e3a9502453c108bcec176d52db4b34dfe8c6b5ef77a57c5c264acc3e018bb,2012-12,City of London Police,City of London Police,-0.088621,51.518619,On or near Moorfields,E01000002,City of London 001B,Shoplifting,Investigation complete; no suspect identified,
26ef495dc4eee67573482bf14360e4aca088089b74df733bc1208e94e39f156f,2012-12,City of London Police,City of London Police,-0.088621,51.518619,On or near Moorfields,E01000002,City of London 001B,Shoplifting,Investigation complete; no suspect identified,
8c3187e8e7985f9a51f2a3d3289bb9ad20ac686e28ffd17974343a7cab5a57fe,2012-12,City of London Police,City of London Police,-0.088621,51.518619,On or near Moorfields,E01000002,City of London 001B,Shoplifting,Investigation complete; no suspect identified,
c1288473cb8c4f2837961b22330f1603651b6c192d764a35408e12714f2ca5e3,2012-12,City of London Police,City of London Police,-0.090348,51.519358,On or near Moor Lane,E01000002,City of London 001B,Violent crime,Offender given community sentence,
,2012-12,City of London Police,City of London Police,-0.095367,51.521031,On or near Cripplegate Street,E01000003,City of London 001C,Anti-social behaviour,,
0db2d99b48c5668e621e422d47bd7953a9828569c8ec15c6c89f80a672ae142b,2012-12,City of London Police,City of London Police,-0.095377,51.520789,On or near Bridgewater Street,E01000003,City of London 001C,Public disorder and weapons,Investigation complete; no suspect identified,
,2012-12,City of London Police,City of London Police,-0.077596,51.515849,On or near Artizan Street,E01000005,City of London 001E,Anti-social behaviour,,
,2012-12,City of London Police,City of London Police,-0.075508,51.514763,On or near Pedestrian Subway,E01000005,City of London 001E,Anti-social behaviour,,
,2012-12,City of London Police,City of London Police,-0.074330,51.513647,On or near Little Somerset Street,E01000005,City of London 001E,Anti-social behaviour,,
,2012-12,City of London Police,City of London Police,-0.076435,51.513627,On or near Aldgate,E01000005,City of London 001E,Anti-social behaviour,,
,2012-12,City of London Police,City of London Police,-0.074210,51.511711,On or near Portsoken Street,E01000005,City of London 001E,Anti-social behaviour,,
,2012-12,City of London Police,City of London Police,-0.077451,51.515523,On or near White Kennett Street,E01000005,City of London 001E,Anti-social behaviour,,
,2012-12,City of London Police,City of London Police,-0.076095,51.512462,On or near Vine Street,E01000005,City of London 001E,Anti-social behaviour,,
,2012-12,City of London Police,City of London Police,-0.074330,51.513647,On or near Little Somerset Street,E01000005,City of London 001E,Anti-social behaviour,,
,2012-12,City of London Police,City of London Police,-0.073065,51.511180,On or near Goodman'S Yard,E01000005,City of London 001E,Anti-social behaviour,,
,2012-12,City of London Police,City of London Police,-0.077224,51.516122,On or near Shopping Area,E01000005,City of London 001E,Anti-social behaviour,,
,2012-12,City of London Police,City of London Police,-0.073152,51.512206,On or near Mansell Street,E01000005,City of London 001E,Anti-social behaviour,,
,2012-12,City of London Police,City of London Police,-0.076270,51.515504,On or near Gravel Lane,E01000005,City of London 001E,Anti-social behaviour,,
,2012-12,City of London Police,City of London Police,-0.076435,51.513627,On or near Aldgate,E01000005,City of London 001E,Anti-social behaviour,,
,2012-12,City of London Police,City of London Police,-0.076435,51.513627,On or near Aldgate,E01000005,City of London 001E,Anti-social behaviour,,
,2012-12,City of London Police,City of London Police,-0.076435,51.513627,On or near Aldgate,E01000005,City of London 001E,Anti-social behaviour,,
,2012-12,City of London Police,City of London Police,-0.073254,51.512856,On or near Mansell Street,E01000005,City of London 001E,Anti-social behaviour,,
,2012-12,City of London Police,City of London Police,-0.073254,51.512856,On or near Mansell Street,E01000005,City of London 001E,Anti-social behaviour,,
420f3fffce3f9a582160bcd537438547f4e5af1458d24694f093936097dd567d,2012-12,City of London Police,City of London Police,-0.076270,51.515504,On or near Gravel Lane,E01000005,City of London 001E,Burglary,Investigation complete; no suspect identified,
3eeb12db2ac68b02b391f0118a0758f34b64cf82eb8873a676a9f160978b355e,2012-12,City of London Police,City of London Police,-0.074896,51.514933,On or near Pedestrian Subway,E01000005,City of London 001E,Criminal damage and arson,Under investigation,
4fabf6716df394151205ce82fbd2060c585bb59e7c55f3e5481451da4275e078,2012-12,City of London Police,City of London Police,-0.076270,51.515504,On or near Gravel Lane,E01000005,City of London 001E,Criminal damage and arson,Under investigation,
786b343e9d169ddff8219b14b78ed7c4138906a3779062c8d351bf7d4dd3830a,2012-12,City of London Police,City of London Police,-0.073254,51.512856,On or near Mansell Street,E01000005,City of London 001E,Criminal damage and arson,Under investigation,
490e052fefe19ca55fc6caac9a774d16d53bf9c094cc066814393f5d0a7bbd57,2012-12,City of London Police,City of London Police,-0.075508,51.514763,On or near Pedestrian Subway,E01000005,City of London 001E,Drugs,Offender given a caution,
5de8a02a6418a556f82d5c264705bec88277db2a1a0487be5f7b8518adb49852,2012-12,City of London Police,City of London Police,-0.075508,51.514763,On or near Pedestrian Subway,E01000005,City of London 001E,Drugs,Offender given a drugs possession warning,
dd654f4fb50abbd336d7ab97a1fa193a1bd9eb82f704f0c281bb0a33a76a7f6e,2012-12,City of London Police,City of London Police,-0.076044,51.512650,On or near India Street,E01000005,City of London 001E,Drugs,Under investigation,
b7b90bfeda04105a3828af1196f7556f8c5185903ace7812d248a1b3c4e343eb,2012-12,City of London Police,City of London Police,-0.076080,51.511445,On or near America Square,E01000005,City of London 001E,Other theft,Investigation complete; no suspect identified,
5373f8fc2b9e08fd5d7fddfe24cf8bec93b86f893871fad775a1e5a66d7f4dbf,2012-12,City of London Police,City of London Police,-0.075389,51.511775,On or near Minories,E01000005,City of London 001E,Other theft,Investigation complete; no suspect identified,
bc6eaf664729e32392783f1356b6268a3a8d5f7e57d03f9156f57cd182960568,2012-12,City of London Police,City of London Police,-0.075389,51.511775,On or near Minories,E01000005,City of London 001E,Other theft,Investigation complete; no suspect identified,
649f940ca19c410f36ee824c397ba935fac5146af8e667bb5ffd71a244aa3768,2012-12,City of London Police,City of London Police,-0.074330,51.513647,On or near Little Somerset Street,E01000005,City of London 001E,Other theft,Investigation complete; no suspect identified,
c666637d9d0a873c2589e8566f777cea6dfb063e02aca2ee9d636d423564a9a7,2012-12,City of London Police,City of London Police,-0.079607,51.515657,On or near St Mary Axe,E01000005,City of London 001E,Other theft,Investigation complete; no suspect identified,
92db9f814849da2c0f20b723fb36b36ba0a36d3c1707993415630d172b3fd8c2,2012-12,City of London Police,City of London Police,-0.073152,51.512206,On or near Mansell Street,E01000005,City of London 001E,Other theft,Investigation complete; no suspect identified,
bd87d7522baacc0d8ac1cd4e1c29a0487e3567e651ddf6cfdf1ae2b49b353e23,2012-12,City of London Police,City of London Police,-0.075389,51.511775,On or near Minories,E01000005,City of London 001E,Other theft,Investigation complete; no suspect identified,
390af362bfdb44fac0bdc40d65c4dda8733afeb11e7043fff5c80cbed76ceca5,2012-12,City of London Police,City of London Police,-0.076080,51.511445,On or near America Square,E01000005,City of London 001E,Other theft,Offender sent to prison,
b60dacd9d594292c94e3c0e880e72d83316fd1ddd1246b3bedf6db7866a228f7,2012-12,City of London Police,City of London Police,-0.076080,51.511445,On or near America Square,E01000005,City of London 001E,Other theft,Investigation complete; no suspect identified,
32f889fbacba597f8fc8091ac0b2fed398d547a8a55c60189569a26b241cbf58,2012-12,City of London Police,City of London Police,-0.076435,51.513627,On or near Aldgate,E01000005,City of London 001E,Public disorder and weapons,Investigation complete; no suspect identified,
f13ee58870c7b25f8bb0b4903100433f5fec12b143492533039c9ef7e656ac1e,2012-12,City of London Police,City of London Police,-0.075508,51.514763,On or near Pedestrian Subway,E01000005,City of London 001E,Shoplifting,Offender sent to prison,
ced708e427849579844149637cdb8602243666cebd9994969b0d572c7d562a4f,2012-12,City of London Police,City of London Police,-0.076435,51.513627,On or near Aldgate,E01000005,City of London 001E,Shoplifting,Investigation complete; no suspect identified,
e000134a44d952eacb60047a8d7acf74dfa96197b5210919be774b32ce7e075d,2012-12,City of London Police,City of London Police,-0.077224,51.516122,On or near Shopping Area,E01000005,City of London 001E,Vehicle crime,Investigation complete; no suspect identified,
8e1df20f7cd455bbf0d755345119d6860b4899626417d4f8a8d996f1ad2e917b,2012-12,City of London Police,City of London Police,-0.076044,51.512650,On or near India Street,E01000005,City of London 001E,Violent crime,Investigation complete; no suspect identified,
04c02669f8a47ffaf1c1c3ab45b2072ca02ecae855bd26232fbdd784d5f731aa,2012-12,City of London Police,City of London Police,-0.074210,51.511711,On or near Portsoken Street,E01000005,City of London 001E,Violent crime,Investigation complete; no suspect identified,
66a54cceaa71834dc2ef502d2cb5caddff3df44ccf2873f7bb05868ecd6fd2e6,2012-12,City of London Police,City of London Police,-0.076270,51.515504,On or near Gravel Lane,E01000005,City of London 001E,Violent crime,Investigation complete; no suspect identified,
d49117082c30378b8eeaf80e7c38065fc599080faa5e865f0bb4a70f27ad8758,2012-12,City of London Police,City of London Police,-0.074330,51.513647,On or near Little Somerset Street,E01000005,City of London 001E,Violent crime,Defendant found not guilty,
c2c34b97358f0368114025d22046c0f04cfcf9cf8cf3adf77aff494ef5d1560a,2012-12,City of London Police,City of London Police,-0.076592,51.514367,On or near Pedestrian Subway,E01000005,City of London 001E,Other crime,Investigation complete; no suspect identified,
,2012-12,City of London Police,City of London Police,-0.082458,51.517431,On or near Liverpool Street,E01032739,City of London 001F,Anti-social behaviour,,
,2012-12,City of London Police,City of London Police,-0.082628,51.518189,On or near Sun Street Passage,E01032739,City of London 001F,Anti-social behaviour,,
,2012-12,City of London Police,City of London Police,-0.083150,51.510913,On or near Rood Lane,E01032739,City of London 001F,Anti-social behaviour,,
,2012-12,City of London Police,City of London Police,-0.083755,51.514358,On or near Threadneedle Street,E01032739,City of London 001F,Anti-social behaviour,,
,2012-12,City of London Police,City of London Police,-0.083417,51.513148,On or near Whittington Avenue,E01032739,City of London 001F,Anti-social behaviour,,
,2012-12,City of London Police,City of London Police,-0.091108,51.511529,On or near Cloak Lane,E01032739,City of London 001F,Anti-social behaviour,,
,2012-12,City of London Police,City of London Police,-0.100179,51.514158,On or near Shopping Area,E01032739,City of London 001F,Anti-social behaviour,,
,2012-12,City of London Police,City of London Police,-0.093791,51.509414,On or near Southwark Bridge Road,E01032739,City of London 001F,Anti-social behaviour,,
,2012-12,City of London Police,City of London Police,-0.079786,51.517576,On or near Police Station,E01032739,City of London 001F,Anti-social behaviour,,
,2012-12,City of London Police,City of London Police,-0.094206,51.511210,On or near Little Trinity Lane,E01032739,City of London 001F,Anti-social behaviour,,
,2012-12,City of London Police,City of London Police,-0.094206,51.511210,On or near Little Trinity Lane,E01032739,City of London 001F,Anti-social behaviour,,
,2012-12,City of London Police,City of London Police,-0.089582,51.511495,On or near Cannon Street,E01032739,City of London 001F,Anti-social behaviour,,
,2012-12,City of London Police,City of London Police,-0.086051,51.513569,On or near Finch Lane,E01032739,City of London 001F,Anti-social behaviour,,
,2012-12,City of London Police,City of London Police,-0.090203,51.511118,On or near Scott'S Yard,E01032739,City of London 001F,Anti-social behaviour,,
,2012-12,City of London Police,City of London Police,-0.079011,51.509614,On or near Pedestrian Subway,E01032739,City of London 001F,Anti-social behaviour,,
,2012-12,City of London Police,City of London Police,-0.078127,51.512135,On or near Lloyd'S Avenue,E01032739,City of London 001F,Anti-social behaviour,,
,2012-12,City of London Police,City of London Police,-0.079786,51.517576,On or near Police Station,E01032739,City of London 001F,Anti-social behaviour,,
,2012-12,City of London Police,City of London Police,-0.095015,51.513220,On or near Watling Street,E01032739,City of London 001F,Anti-social behaviour,,
,2012-12,City of London Police,City of London Police,-0.082628,51.518189,On or near Sun Street Passage,E01032739,City of London 001F,Anti-social behaviour,,
,2012-12,City of London Police,City of London Police,-0.082722,51.518029,On or near Pedestrian Subway,E01032739,City of London 001F,Anti-social behaviour,,
,2012-12,City of London Police,City of London Police,-0.094206,51.511210,On or near Little Trinity Lane,E01032739,City of London 001F,Anti-social behaviour,,
,2012-12,City of London Police,City of London Police,-0.093500,51.511190,On or near Skinners Lane,E01032739,City of London 001F,Anti-social behaviour,,
,2012-12,City of London Police,City of London Police,-0.082722,51.518029,On or near Pedestrian Subway,E01032739,City of London 001F,Anti-social behaviour,,
,2012-12,City of London Police,City of London Police,-0.078488,51.517923,On or near Middlesex Street,E01032739,City of London 001F,Anti-social behaviour,,
,2012-12,City of London Police,City of London Police,-0.084105,51.515281,On or near Conference/Exhibition Centre,E01032739,City of London 001F,Anti-social behaviour,,
,2012-12,City of London Police,City of London Police,-0.093500,51.511190,On or near Skinners Lane,E01032739,City of London 001F,Anti-social behaviour,,
,2012-12,City of London Police,City of London Police,-0.096385,51.510787,On or near Gardners Lane,E01032739,City of London 001F,Anti-social behaviour,,
,2012-12,City of London Police,City of London Police,-0.079786,51.517576,On or near Police Station,E01032739,City of London 001F,Anti-social behaviour,,
,2012-12,City of London Police,City of London Police,-0.082722,51.518029,On or near Pedestrian Subway,E01032739,City of London 001F,Anti-social behaviour,,
,2012-12,City of London Police,City of London Police,-0.082722,51.518029,On or near Pedestrian Subway,E01032739,City of London 001F,Anti-social behaviour,,
,2012-12,City of London Police,City of London Police,-0.082965,51.516351,On or near Wormwood Street,E01032739,City of London 001F,Anti-social behaviour,,
,2012-12,City of London Police,City of London Police,-0.085086,51.515621,On or near Austin Friars Square,E01032739,City of London 001F,Anti-social behaviour,,
,2012-12,City of London Police,City of London Police,-0.079786,51.517576,On or near Police Station,E01032739,City of London 001F,Anti-social behaviour,,
,2012-12,City of London Police,City of London Police,-0.082628,51.518189,On or near Sun Street Passage,E01032739,City of London 001F,Anti-social behaviour,,
,2012-12,City of London Police,City of London Police,-0.082722,51.518029,On or near Pedestrian Subway,E01032739,City of London 001F,Anti-social behaviour,,
,2012-12,City of London Police,City of London Police,-0.092865,51.510182,On or near Parking Area,E01032739,City of London 001F,Anti-social behaviour,,
,2012-12,City of London Police,City of London Police,-0.078488,51.517923,On or near Middlesex Street,E01032739,City of London 001F,Anti-social behaviour,,
,2012-12,City of London Police,City of London Police,-0.078856,51.518433,On or near Artillery Lane,E01032739,City of London 001F,Anti-social behaviour,,
,2012-12,City of London Police,City of London Police,-0.096363,51.513377,On or near New Change,E01032739,City of London 001F,Anti-social behaviour,,
,2012-12,City of London Police,City of London Police,-0.078488,51.517923,On or near Middlesex Street,E01032739,City of London 001F,Anti-social behaviour,,
,2012-12,City of London Police,City of London Police,-0.084105,51.515281,On or near Conference/Exhibition Centre,E01032739,City of London 001F,Anti-social behaviour,,
,2012-12,City of London Police,City of London Police,-0.078488,51.517923,On or near Middlesex Street,E01032739,City of London 001F,Anti-social behaviour,,
,2012-12,City of London Police,City of London Police,-0.078488,51.517923,On or near Middlesex Street,E01032739,City of London 001F,Anti-social behaviour,,
,2012-12,City of London Police,City of London Police,-0.078488,51.517923,On or near Middlesex Street,E01032739,City of London 001F,Anti-social behaviour,,
,2012-12,City of London Police,City of London Police,-0.101959,51.513297,On or near Carter Lane,E01032739,City of London 001F,Anti-social behaviour,,
,2012-12,City of London Police,City of London Police,-0.082628,51.518189,On or near Sun Street Passage,E01032739,City of London 001F,Anti-social behaviour,,
,2012-12,City of London Police,City of London Police,-0.082628,51.518189,On or near Sun Street Passage,E01032739,City of London 001F,Anti-social behaviour,,
,2012-12,City of London Police,City of London Police,-0.082628,51.518189,On or near Sun Street Passage,E01032739,City of London 001F,Anti-social behaviour,,
,2012-12,City of London Police,City of London Police,-0.079786,51.517576,On or near Police Station,E01032739,City of London 001F,Anti-social behaviour,,
,2012-12,City of London Police,City of London Police,-0.084251,51.520059,On or near Sun Street,E01032739,City of London 001F,Anti-social behaviour,,
,2012-12,City of London Police,City of London Police,-0.079283,51.511021,On or near Seething Lane,E01032739,City of London 001F,Anti-social behaviour,,
,2012-12,City of London Police,City of London Police,-0.078488,51.517923,On or near Middlesex Street,E01032739,City of London 001F,Anti-social behaviour,,
,2012-12,City of London Police,City of London Police,-0.079875,51.510995,On or near Hart Street,E01032739,City of London 001F,Anti-social behaviour,,
,2012-12,City of London Police,City of London Police,-0.078488,51.517923,On or near Middlesex Street,E01032739,City of London 001F,Anti-social behaviour,,
,2012-12,City of London Police,City of London Police,-0.088552,51.510282,On or near Laurence Pountney Lane,E01032739,City of London 001F,Anti-social behaviour,,
,2012-12,City of London Police,City of London Police,-0.089536,51.516719,On or near Nun Court,E01032739,City of London 001F,Anti-social behaviour,,
,2012-12,City of London Police,City of London Police,-0.090710,51.513132,On or near Queen Victoria Street,E01032739,City of London 001F,Anti-social behaviour,,
,2012-12,City of London Police,City of London Police,-0.093791,51.509414,On or near Southwark Bridge Road,E01032739,City of London 001F,Anti-social behaviour,,
,2012-12,City of London Police,City of London Police,-0.078488,51.517923,On or near Middlesex Street,E01032739,City of London 001F,Anti-social behaviour,,
,2012-12,City of London Police,City of London Police,-0.084618,51.512682,On or near Gracechurch Street,E01032739,City of London 001F,Anti-social behaviour,,
,2012-12,City of London Police,City of London Police,-0.085310,51.518511,On or near Eldon Street,E01032739,City of London 001F,Anti-social behaviour,,
,2012-12,City of London Police,City of London Police,-0.086051,51.513569,On or near Finch Lane,E01032739,City of London 001F,Anti-social behaviour,,
,2012-12,City of London Police,City of London Police,-0.079786,51.517576,On or near Police Station,E01032739,City of London 001F,Anti-social behaviour,,
,2012-12,City of London Police,City of London Police,-0.097699,51.511420,On or near Booth Lane,E01032739,City of London 001F,Anti-social behaviour,,
,2012-12,City of London Police,City of London Police,-0.082722,51.518029,On or near Pedestrian Subway,E01032739,City of London 001F,Anti-social behaviour,,
,2012-12,City of London Police,City of London Police,-0.092865,51.510182,On or near Parking Area,E01032739,City of London 001F,Anti-social behaviour,,
,2012-12,City of London Police,City of London Police,-0.079283,51.511021,On or near Seething Lane,E01032739,City of London 001F,Anti-social behaviour,,
,2012-12,City of London Police,City of London Police,-0.082628,51.518189,On or near Sun Street Passage,E01032739,City of London 001F,Anti-social behaviour,,
,2012-12,City of London Police,City of London Police,-0.080376,51.517244,On or near Supermarket,E01032739,City of London 001F,Anti-social behaviour,,
,2012-12,City of London Police,City of London Police,-0.090203,51.511118,On or near Scott'S Yard,E01032739,City of London 001F,Anti-social behaviour,,
,2012-12,City of London Police,City of London Police,-0.086393,51.510894,On or near Eastcheap,E01032739,City of London 001F,Anti-social behaviour,,
,2012-12,City of London Police,City of London Police,-0.101959,51.513297,On or near Carter Lane,E01032739,City of London 001F,Anti-social behaviour,,
,2012-12,City of London Police,City of London Police,-0.101959,51.513297,On or near Carter Lane,E01032739,City of London 001F,Anti-social behaviour,,
,2012-12,City of London Police,City of London Police,-0.089582,51.511495,On or near Cannon Street,E01032739,City of London 001F,Anti-social behaviour,,
390d301972b62f3ca594021c05f27025effd061e23d1f85f1fcb17fd30357017,2012-12,City of London Police,City of London Police,-0.088241,51.510835,On or near Laurence Pountney Lane,E01032739,City of London 001F,Burglary,Under investigation,
814d517be04f5d65d70c20cd367b5b606b28a358765edd3846f7f1c3e618f736,2012-12,City of London Police,City of London Police,-0.085669,51.515100,On or near Austin Friars,E01032739,City of London 001F,Burglary,Investigation complete; no suspect identified,
2db0c7d07e95707e38f101547fdaa6b2cd313538ebbfe6885cc4b2ca0c872e96,2012-12,City of London Police,City of London Police,-0.082571,51.514753,On or near Great St Helen'S,E01032739,City of London 001F,Burglary,Offender sent to prison,
8042e4f54150b7a00c6ab7bb5e8780a7eda50041dc57be724273f5a238789bc3,2012-12,City of London Police,City of London Police,-0.085669,51.515100,On or near Austin Friars,E01032739,City of London 001F,Burglary,Investigation complete; no suspect identified,
64524650b87ba3561548de4124167cee8f4619d44d4ed51453df5157209eaeb6,2012-12,City of London Police,City of London Police,-0.082571,51.514753,On or near Great St Helen'S,E01032739,City of London 001F,Burglary,Offender sent to prison,
ae3517f36da26fac4fc36f6744d7c9b29defb63f8ffedf77cbbbf0683a730ef5,2012-12,City of London Police,City of London Police,-0.085310,51.518511,On or near Eldon Street,E01032739,City of London 001F,Burglary,Investigation complete; no suspect identified,
199544ff92a3902ce15c96aa32cbc26c89eb952c83acbb357d5a85c6fa8cca4f,2012-12,City of London Police,City of London Police,-0.084768,51.512882,On or near Corbet Court,E01032739,City of London 001F,Burglary,Investigation complete; no suspect identified,
a9a943fee756b871bb3b0272d97353cbf6efbea8ff1f280fd54aa6926850ee60,2012-12,City of London Police,City of London Police,-0.081912,51.516370,On or near Conference/Exhibition Centre,E01032739,City of London 001F,Burglary,Investigation complete; no suspect identified,
341f1dff7997a963ff984b4b09643054e6b3485569e60033685245e8f3593887,2012-12,City of London Police,City of London Police,-0.082571,51.514753,On or near Great St Helen'S,E01032739,City of London 001F,Burglary,Offender sent to prison,
91196023c218dd98bcc386e4ac1752010cb8c909c656468495b01fd550bc3690,2012-12,City of London Police,City of London Police,-0.091823,51.514418,On or near Ironmonger Lane,E01032739,City of London 001F,Burglary,Investigation complete; no suspect identified,
4ea9380fbc903a55802aa6ef00877175440745385994f7ced3828f4a1d9b335b,2012-12,City of London Police,City of London Police,-0.085669,51.515100,On or near Austin Friars,E01032739,City of London 001F,Burglary,Investigation complete; no suspect identified,
6bed88ef40c0298efe3fdc54c0583cc62c960f6a29f45384a041b2e995da386e,2012-12,City of London Police,City of London Police,-0.093257,51.513920,On or near Bow Lane,E01032739,City of London 001F,Burglary,Investigation complete; no suspect identified,
99a0e9f2e1608710b4f60d50b41bc2d71b604568732ec9e4114a01b45a99c102,2012-12,City of London Police,City of London Police,-0.082571,51.514753,On or near Great St Helen'S,E01032739,City of London 001F,Burglary,Offender sent to prison,
b27eed8536b48ecff4e718ba93dbdc67b26bbf50b27d65148c8f3818679637b6,2012-12,City of London Police,City of London Police,-0.079448,51.511554,On or near Fenchurch Place,E01032739,City of London 001F,Burglary,Investigation complete; no suspect identified,
a790ccd3313fa2490fc485192811207c49eb70e06afd8f41a3681ebb49e595ba,2012-12,City of London Police,City of London Police,-0.101073,51.513453,On or near Creed Lane,E01032739,City of London 001F,Burglary,Offender given community sentence,
cb5fba3b2b010fc423dcbfd020950ca8523cf0d6aa73a399c78680f4da43a18b,2012-12,City of London Police,City of London Police,-0.082571,51.514753,On or near Great St Helen'S,E01032739,City of London 001F,Burglary,Offender sent to prison,
49c11f897030b8c814d6e5c9483255f9cb58a5f89d681e4acf18800a9b265c61,2012-12,City of London Police,City of London Police,-0.082571,51.514753,On or near Great St Helen'S,E01032739,City of London 001F,Burglary,Offender sent to prison,
8287b28c14f2b5ebef3babb3d47c7494332cd9b6c392366c6baa16bd61151eb3,2012-12,City of London Police,City of London Police,-0.085173,51.518680,On or near Finsbury Avenue,E01032739,City of London 001F,Burglary,Investigation complete; no suspect identified,
bd8c30199647c80b826d879f86b523c0ba2815beff27b8fce969d021524fa696,2012-12,City of London Police,City of London Police,-0.081620,51.516814,On or near Alderman'S Walk,E01032739,City of London 001F,Burglary,Investigation complete; no suspect identified,
c8d844aa85e06f0c9a17ac4735a817e2a3b6b0abb7309e082eb2c3e7a277691f,2012-12,City of London Police,City of London Police,-0.093796,51.512391,On or near Pedestrian Subway,E01032739,City of London 001F,Burglary,Investigation complete; no suspect identified,
cec3fce4c2dbd256e2a1ee6770602b0ada40bbc9c371af9fc364e2c6c925c828,2012-12,City of London Police,City of London Police,-0.082209,51.509639,On or near St Dunstan'S Hill,E01032739,City of London 001F,Burglary,Investigation complete; no suspect identified,
d533615ede7eebc1efb3bb667dbdf79a60ac14bff6a7fdb3385336c6ee9acee3,2012-12,City of London Police,City of London Police,-0.087086,51.512596,On or near Lombard Street,E01032739,City of London 001F,Burglary,Investigation complete; no suspect identified,
fd5f4509f33249c89b73e6662fc32e4339d44b9172c8972eea5a48296a2ca860,2012-12,City of London Police,City of London Police,-0.084618,51.512682,On or near Gracechurch Street,E01032739,City of London 001F,Criminal damage and arson,Investigation complete; no suspect identified,
aca3a733481a7c9740dd96e3b8db6688a9560792313d7472abfe4fec4a72c815,2012-12,City of London Police,City of London Police,-0.082571,51.514753,On or near Great St Helen'S,E01032739,City of London 001F,Criminal damage and arson,Offender fined,
1538d117479b4b01c3e6bfec913b2a559946fab81cf7f32d8aef05473869bbd6,2012-12,City of London Police,City of London Police,-0.081832,51.514507,On or near Undershaft,E01032739,City of London 001F,Criminal damage and arson,Under investigation,
e04cad7f9735d8c0d5f550fa9c5519e73bb3faf62df05cda007ba44d7e28a490,2012-12,City of London Police,City of London Police,-0.079786,51.517576,On or near Police Station,E01032739,City of London 001F,Criminal damage and arson,Court result unavailable,
72dda823e6adcafef67284109184d6e1e3bc59b5298e0937c751800ccd2ba4ca,2012-12,City of London Police,City of London Police,-0.080665,51.509344,On or near Pedestrian Subway,E01032739,City of London 001F,Criminal damage and arson,Investigation complete; no suspect identified,
854697bbc88b9819888047d97763ef970d8a63727fcf45f6e76d92a9da2c78e8,2012-12,City of London Police,City of London Police,-0.091084,51.513830,On or near Old Jewry,E01032739,City of London 001F,Criminal damage and arson,Under investigation,
2816e2135f5d565348cdb07e5607a76fdd86c82389eab457e7892ac605d8c66b,2012-12,City of London Police,City of London Police,-0.089218,51.516057,On or near Moorgate,E01032739,City of London 001F,Criminal damage and arson,Under investigation,
21a4d80b0ed67f01f6a19c5f0bfdddfe63e1706f9ed599564a7e256ba09190dc,2012-12,City of London Police,City of London Police,-0.096814,51.512952,On or near St Paul'S Church Yard,E01032739,City of London 001F,Criminal damage and arson,Offender given a caution,
43e220d2ae01d490aa1140b064f7f8ebd451c035f8be979741727ff64bbf6675,2012-12,City of London Police,City of London Police,-0.087086,51.512596,On or near Lombard Street,E01032739,City of London 001F,Criminal damage and arson,Under investigation,
f00303a172ece3fa2bb149eb94381ab9ff5175f79f91fb1bf62b9b183524e8a5,2012-12,City of London Police,City of London Police,-0.083993,51.511440,On or near Philpot Lane,E01032739,City of London 001F,Criminal damage and arson,Under investigation,
dccbd7b43536143e277e84969d9aba957ab4b3f8cbee0f9ef69d8ba5c3544472,2012-12,City of London Police,City of London Police,-0.079011,51.509614,On or near Pedestrian Subway,E01032739,City of London 001F,Criminal damage and arson,Offender given a caution,
1c83f2069977fe5f42d8f44d684641e1d4b358189eafd48195f4d2a63fcdee7a,2012-12,City of London Police,City of London Police,-0.079011,51.509614,On or near Pedestrian Subway,E01032739,City of London 001F,Criminal damage and arson,Under investigation,
567922f7cb284e2989ecc6074e6423696d33c2a7673133abd3613e94ad55ecd9,2012-12,City of London Police,City of London Police,-0.092926,51.511477,On or near Queen Street,E01032739,City of London 001F,Criminal damage and arson,Under investigation,
e9975b416aa51b1f4ef7bb589dfe826935384432a215e806af79f1faa315659b,2012-12,City of London Police,City of London Police,-0.083150,51.510913,On or near Rood Lane,E01032739,City of London 001F,Criminal damage and arson,Under investigation,
9c94c6eb069f6be58ac5749aa868a08525cf958acb344a5b9ba43b9c0494d2b2,2012-12,City of London Police,City of London Police,-0.092719,51.512652,On or near Queen Victoria Street,E01032739,City of London 001F,Criminal damage and arson,Offender given a caution,
ea994825614d291b9afce6749a195a1598e05166e4bfa75b09f73f30848fed0c,2012-12,City of London Police,City of London Police,-0.096363,51.513377,On or near New Change,E01032739,City of London 001F,Criminal damage and arson,Court result unavailable,
a8c1a00d93852223b3e661c55339da9d9ab768e975ca2d5064c16e9492e5fb23,2012-12,City of London Police,City of London Police,-0.101575,51.513857,On or near Ludgate Hill,E01032739,City of London 001F,Criminal damage and arson,Court result unavailable,
71a1b625edcc3acf3db93a1e0dd229711ed65a54c44bd041946f40d26a50b94b,2012-12,City of London Police,City of London Police,-0.104494,51.509848,On or near A201,E01032739,City of London 001F,Criminal damage and arson,Under investigation,
2301811b724c0f5e7ba607e0db524aa30106ec35791172fdc59989c6abe3c942,2012-12,City of London Police,City of London Police,-0.084105,51.515281,On or near Conference/Exhibition Centre,E01032739,City of London 001F,Criminal damage and arson,Court result unavailable,
c8b4082546fb7813d9b2ec61db14ac93f6aec4f6599d2c2d8819ad2e43f4d21d,2012-12,City of London Police,City of London Police,-0.094758,51.512829,On or near Nightclub,E01032739,City of London 001F,Criminal damage and arson,Investigation complete; no suspect identified,
62ba35a6a8d7e8b78fecd30d60a818d84e4610b83e8e95d9add53878f49d64b1,2012-12,City of London Police,City of London Police,-0.080573,51.516006,On or near Outwich Street,E01032739,City of London 001F,Drugs,Offender given penalty notice,
487ba563f4a86b7bc8dd1a5c6d6f3ecf96f1ad8f4c58ab490d9f6aafcede66ce,2012-12,City of London Police,City of London Police,-0.086051,51.513569,On or near Finch Lane,E01032739,City of London 001F,Drugs,Offender given a drugs possession warning,
60aea1ffb78579886c2ac4a18918a8ae77d54e2e5a11ca3bc1da7ba7a32f9001,2012-12,City of London Police,City of London Police,-0.079786,51.517576,On or near Police Station,E01032739,City of London 001F,Drugs,Offender given a drugs possession warning,
dfda54c7c4f9562d49b11cf7346fc4d2ed433b246506cfb6558f952ed8b544fc,2012-12,City of London Police,City of London Police,-0.082571,51.514753,On or near Great St Helen'S,E01032739,City of London 001F,Drugs,Offender given a drugs possession warning,
39c94c6b89c46987bf7f9c22df62d7a00e2b15dcc34c95fdbf5a3d602fdcf3f6,2012-12,City of London Police,City of London Police,-0.089040,51.512745,On or near Mansion House Place,E01032739,City of London 001F,Drugs,Offender given a drugs possession warning,
283049a597d1b520b6312d7d73516eea393d301ea3342f69e06d8510b0c4e1b3,2012-12,City of London Police,City of London Police,-0.082571,51.514753,On or near Great St Helen'S,E01032739,City of London 001F,Drugs,Offender given a drugs possession warning,
e1163e156155527ff86f0dd83f88adeea044d1f0854830c808deb7644a069882,2012-12,City of London Police,City of London Police,-0.082571,51.514753,On or near Great St Helen'S,E01032739,City of London 001F,Drugs,Offender given a drugs possession warning,
7accb0ba06e74ce2e095324d1e6c90a8aad181c4df453b2737cfc92c0d005acd,2012-12,City of London Police,City of London Police,-0.096363,51.513377,On or near New Change,E01032739,City of London 001F,Drugs,Offender given a drugs possession warning,
285d342d53ee450140db091a9bfc3436673761bb3e9a895309f033b3ae3e6dc1,2012-12,City of London Police,City of London Police,-0.087787,51.510647,On or near Martin Lane,E01032739,City of London 001F,Drugs,Offender given a drugs possession warning,
3038c2234c713f66f600b9990cdc5e807a2345934f7582a85df2d39628fda7d9,2012-12,City of London Police,City of London Police,-0.080318,51.520678,On or near Primrose Street,E01032739,City of London 001F,Drugs,Offender given a drugs possession warning,
4be959224f717cb67d9884f0073de18e92f081200602d0bec3b6760c30fb5ac5,2012-12,City of London Police,City of London Police,-0.079786,51.517576,On or near Police Station,E01032739,City of London 001F,Drugs,Offender given a caution,
0fe1cf39d4da1d331c37a95c69bcff7bcc48e1bb8c257f3c17539bf947287aa6,2012-12,City of London Police,City of London Police,-0.092865,51.510182,On or near Parking Area,E01032739,City of London 001F,Drugs,Offender given a drugs possession warning,
e4a41304bdbd71412886d4d9cef9401d9751189abc88ed6bc9a2901773cb7084,2012-12,City of London Police,City of London Police,-0.077300,51.512607,On or near Carlisle Avenue,E01032739,City of London 001F,Drugs,Offender given a drugs possession warning,
555b509778d926e11cf26741600c23a0efaaa6efb3da6a28bd8892b40ca387e5,2012-12,City of London Police,City of London Police,-0.085669,51.515100,On or near Austin Friars,E01032739,City of London 001F,Drugs,Offender given a drugs possession warning,
8307ba6aa81b70262c2a25aa563622747f32656be951d84c850859568adcebe8,2012-12,City of London Police,City of London Police,-0.082571,51.514753,On or near Great St Helen'S,E01032739,City of London 001F,Drugs,Offender given penalty notice,
8c6faf31cd993190ce50507e391fd2d42b4019fbd19d07e3b97a060ac94a23f8,2012-12,City of London Police,City of London Police,-0.092719,51.512652,On or near Queen Victoria Street,E01032739,City of London 001F,Drugs,Offender given a drugs possession warning,
1bd1029c2928438f649d623ece256ca84ab4409686d3cb9470d9397b60a08372,2012-12,City of London Police,City of London Police,-0.079786,51.517576,On or near Police Station,E01032739,City of London 001F,Drugs,Offender given a caution,
ce96194f356e2dac70b9abbb526c645005479072da5e4770fbd9cff8701727d5,2012-12,City of London Police,City of London Police,-0.097973,51.512108,On or near Distaff Lane,E01032739,City of London 001F,Drugs,Offender given a caution,
a888f09cb70d7440e77a30f73a51b1726df2610fa4cb96eca40d0ae963b77703,2012-12,City of London Police,City of London Police,-0.079786,51.517576,On or near Police Station,E01032739,City of London 001F,Drugs,Offender fined,
b6f6a4381727abddb29fced60bee236ddae24f431c1668d71488c7a201e724af,2012-12,City of London Police,City of London Police,-0.082965,51.516351,On or near Wormwood Street,E01032739,City of London 001F,Drugs,Offender given a caution,
9c8723cc78441fc28753ae47bf8c0381c193da69825f4aeeb3447f10e5094247,2012-12,City of London Police,City of London Police,-0.094464,51.512959,On or near Watling Court,E01032739,City of London 001F,Drugs,Offender given a caution,
a28c6768473107a737979018c35c9567aa0b29490314acc880750b5cf6f6a5dd,2012-12,City of London Police,City of London Police,-0.093257,51.513920,On or near Bow Lane,E01032739,City of London 001F,Drugs,Offender given a drugs possession warning,
10e3691adf391881916a17396c02ae70e22342c8bef50d18f10394e1122305bd,2012-12,City of London Police,City of London Police,-0.089040,51.512745,On or near Mansion House Place,E01032739,City of London 001F,Drugs,Offender given a drugs possession warning,
9d880c2706b7d5d567c083293ecfef9b8d1be119fcc130628e60157edeadd650,2012-12,City of London Police,City of London Police,-0.083993,51.511440,On or near Philpot Lane,E01032739,City of London 001F,Drugs,Offender given a drugs possession warning,
ea46432a03e0bea5503de2d58dabcd702e27a1e3c9ca2f0cfb9599930ba4e6b7,2012-12,City of London Police,City of London Police,-0.085310,51.518511,On or near Eldon Street,E01032739,City of London 001F,Drugs,Offender fined,
28966f5b3cf2fbee8061f4aeb8de580cde1d8ea253148ef9945683c786b23907,2012-12,City of London Police,City of London Police,-0.083993,51.511440,On or near Philpot Lane,E01032739,City of London 001F,Drugs,Offender given a drugs possession warning,
e71a5d614ee94e446c608a002ceed569e028f4e40c986c5c4f39dc9ee9aa9e87,2012-12,City of London Police,City of London Police,-0.087787,51.510647,On or near Martin Lane,E01032739,City of London 001F,Drugs,Offender given a drugs possession warning,
2d34783eb8d444edafef0dbf8c930244ff43449bbd58ab1537c1be8d4f7b70ff,2012-12,City of London Police,City of London Police,-0.092865,51.510182,On or near Parking Area,E01032739,City of London 001F,Drugs,Offender given a drugs possession warning,
5d104e042e4e77e91c8df3f4824cc5a772def51428e42f2295d92a503e5e4afe,2012-12,City of London Police,City of London Police,-0.077300,51.512607,On or near Carlisle Avenue,E01032739,City of London 001F,Drugs,Offender given a drugs possession warning,
de2517b86dc43e3bf6866b94ffb435d4de775ba138f45fdd432acbf8cf462a2b,2012-12,City of London Police,City of London Police,-0.092719,51.512652,On or near Queen Victoria Street,E01032739,City of London 001F,Drugs,Offender given a caution,
ae1aa09e1d0d3b1dac47b8d5b7770b4fac85a6afa04c67b84ce83fe4a44393eb,2012-12,City of London Police,City of London Police,-0.086051,51.513569,On or near Finch Lane,E01032739,City of London 001F,Drugs,Offender given a drugs possession warning,
0ef91aa219d40f1cf2b0be3bfed0edd92103917faf410367204b070380de9b2b,2012-12,City of London Police,City of London Police,-0.104494,51.509848,On or near A201,E01032739,City of London 001F,Drugs,Court result unavailable,
a3010a1499e312b83169c6a61e4984b4b3bb4807317c40c5432cdd295574b761,2012-12,City of London Police,City of London Police,-0.094720,51.514420,On or near Wood Street,E01032739,City of London 001F,Other theft,Investigation complete; no suspect identified,
c649bffe1453067c43480af982114fd07e70dfde71ed8cdb0ed1f4c8201375cc,2012-12,City of London Police,City of London Police,-0.083296,51.517058,On or near Old Broad Street,E01032739,City of London 001F,Other theft,Investigation complete; no suspect identified,
c70e5993b444bb4f149f0bb00baf07bbb37e8d67b30a6172c045b1fc5bb6609d,2012-12,City of London Police,City of London Police,-0.085669,51.515100,On or near Austin Friars,E01032739,City of London 001F,Other theft,Investigation complete; no suspect identified,
999b51b1f1d5f2be10c67e931afbec913f5d2d85977f65870210a0f6b31fa908,2012-12,City of London Police,City of London Police,-0.090710,51.513132,On or near Queen Victoria Street,E01032739,City of London 001F,Other theft,Investigation complete; no suspect identified,
d5336412bd0a929cd4015157bcefb6dd5bd7a1f70087fc77a74b8639297fe157,2012-12,City of London Police,City of London Police,-0.092719,51.512652,On or near Queen Victoria Street,E01032739,City of London 001F,Other theft,Investigation complete; no suspect identified,
b3cb7fe5fedce657cc2837d421bb77e9227613ebe63a462364583cd58dbc2a21,2012-12,City of London Police,City of London Police,-0.081620,51.516814,On or near Alderman'S Walk,E01032739,City of London 001F,Other theft,Investigation complete; no suspect identified,
e342b76bd0849d123228be2eacfe8fdb330ac15aa6c01f312262e7a74c88a219,2012-12,City of London Police,City of London Police,-0.097645,51.515142,On or near St Martin'S Le Grand,E01032739,City of London 001F,Other theft,Investigation complete; no suspect identified,
831af4e5e511b949fecb2183ef129e17591b70488d9468db7db28a57494a6117,2012-12,City of London Police,City of London Police,-0.082913,51.513463,On or near Leadenhall Street,E01032739,City of London 001F,Other theft,Investigation complete; no suspect identified,
44daf9bd65e8d7af6abb8376be740854b349391eb33b0dde98fa5520bf87eb81,2012-12,City of London Police,City of London Police,-0.081516,51.510014,On or near Great Tower Street,E01032739,City of London 001F,Other theft,Investigation complete; no suspect identified,
60f090f000b5c16ab173e14ca017412a86af1ed8e3a2c568a1f26b2278c48ae3,2012-12,City of London Police,City of London Police,-0.084566,51.517690,On or near Blomfield Street,E01032739,City of London 001F,Other theft,Investigation complete; no suspect identified,
b4915d3ae395445827f6da45243bc5ad3159200e1e137ec384f3000ce7536965,2012-12,City of London Police,City of London Police,-0.096643,51.512545,On or near Distaff Lane,E01032739,City of London 001F,Other theft,Investigation complete; no suspect identified,
be146058d5889ea827bc99ccdd8dad4f05c18c3686126d08bbe1b422bd0d0a6f,2012-12,City of London Police,City of London Police,-0.087118,51.513199,On or near Nightclub,E01032739,City of London 001F,Other theft,Investigation complete; no suspect identified,
8dfd8d8b40133ab13ed127d4dcb18190708892ad71eecc66c7fda856d58a48d6,2012-12,City of London Police,City of London Police,-0.085257,51.511200,On or near Talbot Court,E01032739,City of London 001F,Other theft,Investigation complete; no suspect identified,
81cb14afc841f2fb412ef9b8f4639564b6d2f30bd8e27bcebab42a98951f8518,2012-12,City of London Police,City of London Police,-0.087118,51.513199,On or near Nightclub,E01032739,City of London 001F,Other theft,Investigation complete; no suspect identified,
3e84383cca67e9ec8c1cbf6b37186dcecb34c1a0312391dad3f9e8c64cca97da,2012-12,City of London Police,City of London Police,-0.096643,51.512545,On or near Distaff Lane,E01032739,City of London 001F,Other theft,Investigation complete; no suspect identified,
bc0f97bb81c0f2cac8a223e92069bacf2624f16df39000e718e3ad1e30d1d61d,2012-12,City of London Police,City of London Police,-0.091823,51.514418,On or near Ironmonger Lane,E01032739,City of London 001F,Other theft,Investigation complete; no suspect identified,
32241f3d630f63ccbcf20e8fd4db78b8dc239c8e5523d94f2b284860ad04a558,2012-12,City of London Police,City of London Police,-0.101959,51.513297,On or near Carter Lane,E01032739,City of London 001F,Other theft,Investigation complete; no suspect identified,
8c662d23bb18c74200300beaa98e8fe9b9040ea02e54ffaa7a344c13cf336a64,2012-12,City of London Police,City of London Police,-0.096643,51.512545,On or near Distaff Lane,E01032739,City of London 001F,Other theft,Investigation complete; no suspect identified,
3fbb9623cdf454ad65ed8bfabe258e8e6cee2626351002a777850c9d8a59a5e6,2012-12,City of London Police,City of London Police,-0.087118,51.513199,On or near Nightclub,E01032739,City of London 001F,Other theft,Investigation complete; no suspect identified,
f38001be832d182704386a840a00110fb864a5c209f302fb9708e93c9ff4eaa8,2012-12,City of London Police,City of London Police,-0.091151,51.514992,On or near Gresham Street,E01032739,City of London 001F,Other theft,Investigation complete; no suspect identified,
f704147ab1fa40f3c8aeedc53838d5ca395aecd4b104a21593c2dd49fc6017f1,2012-12,City of London Police,City of London Police,-0.081620,51.516814,On or near Alderman'S Walk,E01032739,City of London 001F,Other theft,Investigation complete; no suspect identified,
a679ce099b349b2d99a509ad82cd74ecb6a3823a9d47aa3964f9626befb5431f,2012-12,City of London Police,City of London Police,-0.080322,51.510651,On or near Mark Lane,E01032739,City of London 001F,Other theft,Offender given a caution,
76499ed53e6a6ce33f7e170b6d712c6a581ec4f2ab0e14e6e6f0b94e5e50a80a,2012-12,City of London Police,City of London Police,-0.081620,51.516814,On or near Alderman'S Walk,E01032739,City of London 001F,Other theft,Investigation complete; no suspect identified,
bd390b4f79a631a60f9b1e6934b09845a8857517af1b29c86d3f523e50d16a70,2012-12,City of London Police,City of London Police,-0.092719,51.512652,On or near Queen Victoria Street,E01032739,City of London 001F,Other theft,Investigation complete; no suspect identified,
444b1eb213dda5a47d21a078d01795242823b719f0e232aa7011dc50965ce901,2012-12,City of London Police,City of London Police,-0.082965,51.516351,On or near Wormwood Street,E01032739,City of London 001F,Other theft,Investigation complete; no suspect identified,
0bf1653f6e37e4377b3a800555c516517b20e87f5513b98f7f14ccda4396ee06,2012-12,City of London Police,City of London Police,-0.085355,51.510563,On or near Pudding Lane,E01032739,City of London 001F,Other theft,Investigation complete; no suspect identified,
40f649b85c3f8c58acf9706b0bf77b79d3b25441b66bef937fd0f16b66794613,2012-12,City of London Police,City of London Police,-0.088995,51.512088,On or near St Swithin'S Lane,E01032739,City of London 001F,Other theft,Investigation complete; no suspect identified,
27b1bb784c474abeb50714b233efdf90e2ea6a1703968f39b164667b84284309,2012-12,City of London Police,City of London Police,-0.078856,51.518433,On or near Artillery Lane,E01032739,City of London 001F,Other theft,Investigation complete; no suspect identified,
bf5a0677efbd063a4ab9651bc5c8c51010c333611aae6f500e979e1d28947b44,2012-12,City of London Police,City of London Police,-0.081516,51.510014,On or near Great Tower Street,E01032739,City of London 001F,Other theft,Investigation complete; no suspect identified,
69758ad2f064be024724e8b7a937f599ea2817091514fd08acc2b94487415035,2012-12,City of London Police,City of London Police,-0.081516,51.510014,On or near Great Tower Street,E01032739,City of London 001F,Other theft,Investigation complete; no suspect identified,
e6f2d9083683ad458cd37606ec36208b60a5723647a4ce12c4c94d6388962505,2012-12,City of London Police,City of London Police,-0.088225,51.514656,On or near Lothbury,E01032739,City of London 001F,Other theft,Investigation complete; no suspect identified,
42d3ba7f0a4a2e94cf1715cb94c31692d97dee3f141a3ecdd0159a8dcb5e3ecd,2012-12,City of London Police,City of London Police,-0.083755,51.514358,On or near Threadneedle Street,E01032739,City of London 001F,Other theft,Investigation complete; no suspect identified,
85f852448b19eb2d8455c0c92fa48f35ca61c15ceb5e84866655c2f483f92dea,2012-12,City of London Police,City of London Police,-0.078484,51.517680,On or near Catherine Wheel Alley,E01032739,City of London 001F,Other theft,Investigation complete; no suspect identified,
f9dd2a292d5bc526a5146ddebc42357e52181e96b04ab7a367f64a5b34ca3e70,2012-12,City of London Police,City of London Police,-0.085669,51.515100,On or near Austin Friars,E01032739,City of London 001F,Other theft,Investigation complete; no suspect identified,
0df3be3dff761239fb42c557d59228ad67010e55785bd42e1edbb60819a830ec,2012-12,City of London Police,City of London Police,-0.081516,51.510014,On or near Great Tower Street,E01032739,City of London 001F,Other theft,Investigation complete; no suspect identified,
d2a5eae9140a2c53d9ccf7787bce5ded28494b1991798900647ce58565b52343,2012-12,City of London Police,City of London Police,-0.089838,51.516067,On or near Coleman Street,E01032739,City of London 001F,Other theft,Investigation complete; no suspect identified,
5c6e3780bdca2b8e3a9b5ecba5aef70dfcca3e0e70e4033fa70e518b35d541e2,2012-12,City of London Police,City of London Police,-0.096363,51.513377,On or near New Change,E01032739,City of London 001F,Other theft,Investigation complete; no suspect identified,
046ed9d82622aed032536e9016be97e12a86077576dda24cc27034544466bb6b,2012-12,City of London Police,City of London Police,-0.091151,51.514992,On or near Gresham Street,E01032739,City of London 001F,Other theft,Investigation complete; no suspect identified,
3bdda74f4110a49686ea2ded4587d8310564fa3d6e12c786447fa58136744a4c,2012-12,City of London Police,City of London Police,-0.084618,51.512682,On or near Gracechurch Street,E01032739,City of London 001F,Other theft,Investigation complete; no suspect identified,
5c0a6bde50b0501d39ac081fd51461d5d8c7a145ed34cf91cca1d8b2245903c9,2012-12,City of London Police,City of London Police,-0.087118,51.513199,On or near Nightclub,E01032739,City of London 001F,Other theft,Investigation complete; no suspect identified,
1fc66af38256ed61e915b7c7f9fb44b790670bf2630b120cf402cd236e62e932,2012-12,City of London Police,City of London Police,-0.084768,51.512882,On or near Corbet Court,E01032739,City of London 001F,Other theft,Investigation complete; no suspect identified,
03772039e5d3f1c6c73914ac4a39a449076948ccd9f6654ab5aba5084437f78b,2012-12,City of London Police,City of London Police,-0.086764,51.510307,On or near Fish Street Hill,E01032739,City of London 001F,Other theft,Offender given suspended prison sentence,
1da751903809f3b2ce9792bae0999fb26c721e91b5783f636e33ef7ad97b2c54,2012-12,City of London Police,City of London Police,-0.089040,51.512745,On or near Mansion House Place,E01032739,City of London 001F,Other theft,Investigation complete; no suspect identified,
68cde4a0d404b8df87abcadfda16e849689197e5ed48b67b745ad0c1046470da,2012-12,City of London Police,City of London Police,-0.094720,51.514420,On or near Wood Street,E01032739,City of London 001F,Other theft,Investigation complete; no suspect identified,
c4a91c56319ff9cb7a58e97efb8acc08651a91f2f0d8c4dad2746d419dac6990,2012-12,City of London Police,City of London Police,-0.081938,51.513007,On or near Lime Street,E01032739,City of London 001F,Other theft,Investigation complete; no suspect identified,
5a590fc3c947a95068712c03968ce64b9ce6f7fe16e1eba49d18403efb173003,2012-12,City of London Police,City of London Police,-0.079195,51.513798,On or near Creechurch Lane,E01032739,City of London 001F,Other theft,Investigation complete; no suspect identified,
414f1605b0e157ffe63cab353fe4ce859637617836fbf2ad9686630126aee3d1,2012-12,City of London Police,City of London Police,-0.089838,51.516067,On or near Coleman Street,E01032739,City of London 001F,Other theft,Investigation complete; no suspect identified,
8202fe90a2ec7e65804166370fbea2a965166054a24ac783dd558a417d9225e0,2012-12,City of London Police,City of London Police,-0.096643,51.512545,On or near Distaff Lane,E01032739,City of London 001F,Other theft,Investigation complete; no suspect identified,
af6c763d1dd308edebcb37ecfd990f60c60dbf2e327ac895bcb8f6fca8705eef,2012-12,City of London Police,City of London Police,-0.082748,51.512597,On or near Leadenhall Place,E01032739,City of London 001F,Other theft,Unable to prosecute suspect,
386e604d0b74f0ff5254e672b6f3b8aa68af95286acee13fe1174322dbb28e2c,2012-12,City of London Police,City of London Police,-0.080665,51.509344,On or near Pedestrian Subway,E01032739,City of London 001F,Other theft,Offender given a caution,
bb8b3f56a7dcda594d8a956a3a2d6c498a64346051b6702714324a1984a56ab8,2012-12,City of London Police,City of London Police,-0.101274,51.512791,On or near St Andrew'S Hill,E01032739,City of London 001F,Other theft,Investigation complete; no suspect identified,
80b3a4219f19ac24615933af50c2701a6a0f6ab88536f2bd0f6ea0aac3b8241b,2012-12,City of London Police,City of London Police,-0.084701,51.509320,On or near Lower Thames Street,E01032739,City of London 001F,Other theft,Investigation complete; no suspect identified,
2fb3419e65700557a8a849b5b45449a69ded0d621691e8be5473e3dca509b105,2012-12,City of London Police,City of London Police,-0.091151,51.514992,On or near Gresham Street,E01032739,City of London 001F,Other theft,Investigation complete; no suspect identified,
fe524e1a14c4b02a89cbe44504394ddd04bfb370fd31f231d3dfb679b81caef6,2012-12,City of London Police,City of London Police,-0.093398,51.512951,On or near Watling Street,E01032739,City of London 001F,Other theft,Investigation complete; no suspect identified,
4b5d58099027dbea571534e9ce544526e806c71b160b45cbf954534ac240a85a,2012-12,City of London Police,City of London Police,-0.097645,51.515142,On or near St Martin'S Le Grand,E01032739,City of London 001F,Other theft,Investigation complete; no suspect identified,
38397391ae66f8599feb773d7197691971ea619c86fb8184702f02ae8f2e016d,2012-12,City of London Police,City of London Police,-0.082913,51.513463,On or near Leadenhall Street,E01032739,City of London 001F,Other theft,Investigation complete; no suspect identified,
2d603db62c487ee82698e4b819350ea54ceb06e54f8758b7c45fd0273b62f8dc,2012-12,City of London Police,City of London Police,-0.081516,51.510014,On or near Great Tower Street,E01032739,City of London 001F,Other theft,Investigation complete; no suspect identified,
b34400288fe8e6d9989f0216374aafdb42ada1260f93d714af538399752fe3c7,2012-12,City of London Police,City of London Police,-0.079448,51.511554,On or near Fenchurch Place,E01032739,City of London 001F,Other theft,Investigation complete; no suspect identified,
b2ecbec7bde58b8d44ce16448df7a95ed66914fee4ff011e8c40e9a3b28661c3,2012-12,City of London Police,City of London Police,-0.096511,51.511922,On or near Queen Victoria Street,E01032739,City of London 001F,Other theft,Investigation complete; no suspect identified,
3fc7c4444be0974ab6f2c85f5b3d88665bff77289deff43fc5a425e85f8670a5,2012-12,City of London Police,City of London Police,-0.091151,51.514992,On or near Gresham Street,E01032739,City of London 001F,Other theft,Investigation complete; no suspect identified,
47670a4823177e8446ccf66ecd2b63633ab1e57cfb337181e8a8837dbf48a024,2012-12,City of London Police,City of London Police,-0.087763,51.516393,On or near Copthall Avenue,E01032739,City of London 001F,Other theft,Investigation complete; no suspect identified,
ce0eeb87a89fb253ec7e585a495de0da5b07b5952ee595d0c0b551a718c58900,2012-12,City of London Police,City of London Police,-0.100179,51.514158,On or near Shopping Area,E01032739,City of London 001F,Other theft,Investigation complete; no suspect identified,
8ae906747e884aa87d973eb4a44d8b42261e8d530c7c216dd2055f7245a7de8d,2012-12,City of London Police,City of London Police,-0.082571,51.514753,On or near Great St Helen'S,E01032739,City of London 001F,Other theft,Investigation complete; no suspect identified,
f0db10c44692dfb5f0f054eeec94b3eefc1c8d41a171f53a5c8d6775ae5c2c97,2012-12,City of London Police,City of London Police,-0.098777,51.512526,On or near Knightrider Street,E01032739,City of London 001F,Other theft,Investigation complete; no suspect identified,
d17b7f60cadc02a37bc13cb813c0d231ac0201f43fefe9aa959a420020711cd6,2012-12,City of London Police,City of London Police,-0.081516,51.510014,On or near Great Tower Street,E01032739,City of London 001F,Other theft,Investigation complete; no suspect identified,
c3fce392ce57e8df1f7e901df05fb3a9326c128062c56781f5f1285080e21806,2012-12,City of London Police,City of London Police,-0.088995,51.512088,On or near St Swithin'S Lane,E01032739,City of London 001F,Other theft,Investigation complete; no suspect identified,
0f2ce1857ee5a61803f412deb4657a7198c7b6a46666fd4b71af99cff76454b6,2012-12,City of London Police,City of London Police,-0.083645,51.512504,On or near Lime Street Passage,E01032739,City of London 001F,Other theft,Investigation complete; no suspect identified,
b659a8a7085aeb34084b4a60a487ff1ed45cf5cbe2bea7a2a46c7551804bc828,2012-12,City of London Police,City of London Police,-0.089364,51.515331,On or near King'S Arms Yard,E01032739,City of London 001F,Other theft,Investigation complete; no suspect identified,
78597210d015b842a310f34d0586d5fe3ea42b197fd08238e9a39f6ab5365217,2012-12,City of London Police,City of London Police,-0.080322,51.510651,On or near Mark Lane,E01032739,City of London 001F,Other theft,Offender given a caution,
923b0b33ccbc2bbe215b6cdfaa627ebe2aa70d150cdb45090e0822209b89c966,2012-12,City of London Police,City of London Police,-0.084701,51.509320,On or near Lower Thames Street,E01032739,City of London 001F,Other theft,Investigation complete; no suspect identified,
7fcf9366bfb14c61e14a2d8cb261af81475c6e88ed08ccb13d7fce44b46023f9,2012-12,City of London Police,City of London Police,-0.080573,51.516006,On or near Outwich Street,E01032739,City of London 001F,Other theft,Investigation complete; no suspect identified,
a87e2bf00c2ffdf04552905a56779cb0f4996a473e6e8866181455ba1e10e5cc,2012-12,City of London Police,City of London Police,-0.078856,51.518433,On or near Artillery Lane,E01032739,City of London 001F,Other theft,Investigation complete; no suspect identified,
8ec58c04a5192a2d94d8c3cb4d9a9a532a562b4ec3b1541c405ba669fcf72e59,2012-12,City of London Police,City of London Police,-0.085173,51.518680,On or near Finsbury Avenue,E01032739,City of London 001F,Other theft,Investigation complete; no suspect identified,
1902049f9d3193582dbd55854a8f37bf1bcbc18cb4b87f2fcb09eeb6c02a63b0,2012-12,City of London Police,City of London Police,-0.080234,51.516855,On or near Devonshire Row,E01032739,City of London 001F,Other theft,Investigation complete; no suspect identified,
de9ee4c8cc8a2c59e0318776c50451297b370810c92593727c6625a8094c9a6c,2012-12,City of London Police,City of London Police,-0.085310,51.518511,On or near Eldon Street,E01032739,City of London 001F,Other theft,Investigation complete; no suspect identified,
068e66899d6eeb6217ea308258e06055d3d48990af3a2f803d3e77e705c73fc0,2012-12,City of London Police,City of London Police,-0.082458,51.517431,On or near Liverpool Street,E01032739,City of London 001F,Other theft,Investigation complete; no suspect identified,
bcac4299b4ee031e5834033a1b1e518d5d8045c9a80e6e49bd440b4483a662f7,2012-12,City of London Police,City of London Police,-0.082571,51.514753,On or near Great St Helen'S,E01032739,City of London 001F,Other theft,Investigation complete; no suspect identified,
55dc45d5c1e2361a0eae4ba55513961a6086024adedb86715bae7ab3240cc017,2012-12,City of London Police,City of London Police,-0.090985,51.516886,On or near Basinghall Avenue,E01032739,City of London 001F,Other theft,Investigation complete; no suspect identified,
54e51e403f110c294a523514a1356009669c5de5d3d4546ef8e1b9d6e425a1bf,2012-12,City of London Police,City of London Police,-0.086728,51.510477,On or near King William Street,E01032739,City of London 001F,Other theft,Investigation complete; no suspect identified,
14b70359de5af069a34931819ee9d5ab5efd0d19930ca2c604f9e19ca9220610,2012-12,City of London Police,City of London Police,-0.091151,51.514992,On or near Gresham Street,E01032739,City of London 001F,Other theft,Investigation complete; no suspect identified,
cf8cbb740af67d78039a6c74732cd980e7f2687e3b4c6ea8310409f0db7ef21c,2012-12,City of London Police,City of London Police,-0.094464,51.512959,On or near Watling Court,E01032739,City of London 001F,Other theft,Investigation complete; no suspect identified,
c74c64b77d27bc2a70dbb7e96f16f7f02ef9fdb2994f3cb268b92fa8a7d7c0ff,2012-12,City of London Police,City of London Police,-0.078856,51.518433,On or near Artillery Lane,E01032739,City of London 001F,Other theft,Investigation complete; no suspect identified,
845824a59d59b588e6db3b70b2bbce91d3c0304ae0202d9e4a43b4080e9f0be9,2012-12,City of London Police,City of London Police,-0.097645,51.515142,On or near St Martin'S Le Grand,E01032739,City of London 001F,Other theft,Investigation complete; no suspect identified,
5174a8f0f209807dfbbff8bc3c9d3766c28dcd28685840914f370a566ced874f,2012-12,City of London Police,City of London Police,-0.080318,51.520678,On or near Primrose Street,E01032739,City of London 001F,Other theft,Investigation complete; no suspect identified,
9270ce41425cf90e7d556c66cf90d2e155eb83293366ba0ef63262893ddf2314,2012-12,City of London Police,City of London Police,-0.097645,51.515142,On or near St Martin'S Le Grand,E01032739,City of London 001F,Other theft,Investigation complete; no suspect identified,
0ca94a74af218ef0746ebf738624490d090321dae8c5a36d034088d154fde5cc,2012-12,City of London Police,City of London Police,-0.101575,51.513857,On or near Ludgate Hill,E01032739,City of London 001F,Other theft,Investigation complete; no suspect identified,
b27fb4ef648d928775c2aae6cc1175a6dc4e8720a83bc3fd43d9912aa643fd08,2012-12,City of London Police,City of London Police,-0.091823,51.514418,On or near Ironmonger Lane,E01032739,City of London 001F,Other theft,Investigation complete; no suspect identified,
f7d86da0e2ced699a7f5c9939c1867cb384b4f6e5e6813f6b2afb0158f6ed85e,2012-12,City of London Police,City of London Police,-0.091151,51.514992,On or near Gresham Street,E01032739,City of London 001F,Other theft,Investigation complete; no suspect identified,
8e2f7ecba94916bafeb0254bf58bd2f716c07e15482c3cc20eef428aebf4a30d,2012-12,City of London Police,City of London Police,-0.092719,51.512652,On or near Queen Victoria Street,E01032739,City of London 001F,Other theft,Investigation complete; no suspect identified,
d768067c26c749ffba085391b97788115d76ff180e4b0111b21d07257cf7c5d0,2012-12,City of London Police,City of London Police,-0.094720,51.514420,On or near Wood Street,E01032739,City of London 001F,Other theft,Investigation complete; no suspect identified,
6662506f76c6fac9660a3a341424418c8fa8837fb8d00bac560ac15406a622b5,2012-12,City of London Police,City of London Police,-0.093465,51.514463,On or near Russia Row,E01032739,City of London 001F,Other theft,Investigation complete; no suspect identified,
7c8fa8790df28a6b5c13df7b42997a58b0646f4130e621cadf9bdef06decc818,2012-12,City of London Police,City of London Police,-0.084566,51.517690,On or near Blomfield Street,E01032739,City of London 001F,Other theft,Investigation complete; no suspect identified,
1fe93dd9779dd258b94aadbbcb25df8b38d104414c668adce5e62daf876979c5,2012-12,City of London Police,City of London Police,-0.087118,51.513199,On or near Nightclub,E01032739,City of London 001F,Other theft,Investigation complete; no suspect identified,
a41273266ef7e9d9b28ad7df53b040256392deaded3371fdbff0533878d6ac3f,2012-12,City of London Police,City of London Police,-0.083150,51.510913,On or near Rood Lane,E01032739,City of London 001F,Other theft,Investigation complete; no suspect identified,
905362bf09256b5e433ebf1c691d84350092213d954c4720e65a4db2e97f2d97,2012-12,City of London Police,City of London Police,-0.081620,51.516814,On or near Alderman'S Walk,E01032739,City of London 001F,Other theft,Investigation complete; no suspect identified,
f9b4a2f64afca2a57475f3694306b0a0327e6b606259bf64bba23db1a6bf32e9,2012-12,City of London Police,City of London Police,-0.101959,51.513297,On or near Carter Lane,E01032739,City of London 001F,Other theft,Investigation complete; no suspect identified,
a9fb33d886be030ca0142633e7d4798d24cfc391ce4c91d4f6180a902372092f,2012-12,City of London Police,City of London Police,-0.084768,51.512882,On or near Corbet Court,E01032739,City of London 001F,Other theft,Investigation complete; no suspect identified,
d5bc021d46ab54d0642805e5aed166d9fa626422dbde3b91aea1d5adf9eb96f3,2012-12,City of London Police,City of London Police,-0.096900,51.510868,On or near Broken Wharf,E01032739,City of London 001F,Other theft,Investigation complete; no suspect identified,
ade351061fafa6d645ed939cbf7a62b6cefec43e06dada4bae25b90a8510f64a,2012-12,City of London Police,City of London Police,-0.087118,51.513199,On or near Nightclub,E01032739,City of London 001F,Other theft,Investigation complete; no suspect identified,
50cb027674f7d6626eb50177becf207e310487f83336d44e264ced6837aed380,2012-12,City of London Police,City of London Police,-0.091151,51.516026,On or near Basinghall Street,E01032739,City of London 001F,Other theft,Investigation complete; no suspect identified,
b3a60f47a5fd4179ad10619a408b4d9fae9c168245587e8f160c4cfef0db7673,2012-12,City of London Police,City of London Police,-0.080318,51.520678,On or near Primrose Street,E01032739,City of London 001F,Other theft,Investigation complete; no suspect identified,
e41a9cacc5b1058f13aa034b5626f7cd67a24dc844ea6d6a510cf0a6460cc72e,2012-12,City of London Police,City of London Police,-0.087118,51.513199,On or near Nightclub,E01032739,City of London 001F,Other theft,Investigation complete; no suspect identified,
10c6a712f0a08425350a0abf8883be303a00349d9960676a9922fdb58816dc22,2012-12,City of London Police,City of London Police,-0.081620,51.516814,On or near Alderman'S Walk,E01032739,City of London 001F,Other theft,Investigation complete; no suspect identified,
86ca31ba1e318af81ffb0353e86bdf2d1ccaa736f2e400dc5affb8c8e14b55e8,2012-12,City of London Police,City of London Police,-0.078856,51.518433,On or near Artillery Lane,E01032739,City of London 001F,Other theft,Investigation complete; no suspect identified,
5bfd283b2d93a9fe7182632b94a8ed489980adc011debcab02cca87a59744a25,2012-12,City of London Police,City of London Police,-0.096075,51.514766,On or near Foster Lane,E01032739,City of London 001F,Other theft,Investigation complete; no suspect identified,
3b1e39aa6c5d2a7c9a6c0f10f0d2ff67f4ff3a3b882df5e6f15ac17c8fa33ab0,2012-12,City of London Police,City of London Police,-0.084618,51.512682,On or near Gracechurch Street,E01032739,City of London 001F,Other theft,Investigation complete; no suspect identified,
3425804528d3a6e8176941a5ca359c5e905294f236084d9bd5d44535215289f5,2012-12,City of London Police,City of London Police,-0.079786,51.517576,On or near Police Station,E01032739,City of London 001F,Other theft,Investigation complete; no suspect identified,
e001f130f0fd18d86cc8733781aa66c1a3b6245ed41f1b6bd3bddb0fdbd63516,2012-12,City of London Police,City of London Police,-0.084618,51.512682,On or near Gracechurch Street,E01032739,City of London 001F,Other theft,Investigation complete; no suspect identified,
6d0c1faf75483e6ed9095a2e78d81f3bba4d66c2da4211a9f1e7123bd2e67490,2012-12,City of London Police,City of London Police,-0.077637,51.511453,On or near Crutched Friars,E01032739,City of London 001F,Other theft,Investigation complete; no suspect identified,
b7cc32301295815ea34ca1827909aaf27016731b702508c451833465b55b3b9e,2012-12,City of London Police,City of London Police,-0.097645,51.515142,On or near St Martin'S Le Grand,E01032739,City of London 001F,Other theft,Investigation complete; no suspect identified,
96a71facf9d29e0fe8c87061441d0f28fbf0d64e99cbccd230808f608bd6ea12,2012-12,City of London Police,City of London Police,-0.079011,51.509614,On or near Pedestrian Subway,E01032739,City of London 001F,Other theft,Investigation complete; no suspect identified,
105328e21c2b36c0df10224246317e5ac4c18c4c7b55e584178c664233a7b562,2012-12,City of London Police,City of London Police,-0.094720,51.514420,On or near Wood Street,E01032739,City of London 001F,Other theft,Investigation complete; no suspect identified,
2559a7290285833aa2b39939b7c15c95c28ea95741d67d34698a17b8e4caba26,2012-12,City of London Police,City of London Police,-0.088203,51.518262,On or near Moorgate,E01032739,City of London 001F,Other theft,Investigation complete; no suspect identified,
37f75f2c2f7a4db16153763457bf1d0c8eb4da01873bc067e534e8f22324fd8c,2012-12,City of London Police,City of London Police,-0.087118,51.513199,On or near Nightclub,E01032739,City of London 001F,Other theft,Investigation complete; no suspect identified,
35b0388706d5200c8acf0d96814d872011b5d49774998ce5c923562fd905cbdb,2012-12,City of London Police,City of London Police,-0.085669,51.515100,On or near Austin Friars,E01032739,City of London 001F,Other theft,Investigation complete; no suspect identified,
7d77c13d8a118daf9fc10d9aa79aed4a6d477c855cc8bb04afbf806af7f0c9e8,2012-12,City of London Police,City of London Police,-0.079283,51.511021,On or near Seething Lane,E01032739,City of London 001F,Other theft,Investigation complete; no suspect identified,
67210d3b1718b96d4fe73b4ca42cb8996b941e47b1d3b53bbcb168efd87e93c5,2012-12,City of London Police,City of London Police,-0.104001,51.513051,On or near Apothecary Street,E01032739,City of London 001F,Public disorder and weapons,Investigation complete; no suspect identified,
8092ea5f5e322b2d2eac7d91b7a545615a11dc8345fb8bf02034751a23b6bced,2012-12,City of London Police,City of London Police,-0.088042,51.511794,On or near Abchurch Lane,E01032739,City of London 001F,Public disorder and weapons,Under investigation,
429ba59efd7eab9e66538e8f3e85f338a6fb702cd5a600a62cd477fe490db7d2,2012-12,City of London Police,City of London Police,-0.091823,51.514418,On or near Ironmonger Lane,E01032739,City of London 001F,Public disorder and weapons,Defendant found not guilty,
7c831ba3defa527702a2d227afb3af447924ae0d71c2b16b55cbbb136b6eed19,2012-12,City of London Police,City of London Police,-0.082571,51.514753,On or near Great St Helen'S,E01032739,City of London 001F,Public disorder and weapons,Offender fined,
ec39161c85375bec5e817bfeb2e6024e6deebbb715e5bdba28b2dc0fa657a776,2012-12,City of London Police,City of London Police,-0.082571,51.514753,On or near Great St Helen'S,E01032739,City of London 001F,Public disorder and weapons,Court result unavailable,
9fb69fb26ee6fe70fb223b88cf4d37812be074ace4526563e5e651e73a85cb24,2012-12,City of London Police,City of London Police,-0.082571,51.514753,On or near Great St Helen'S,E01032739,City of London 001F,Public disorder and weapons,Offender ordered to pay compensation,
35e7d9c7fdfb79cd85a67458b57afeb694425c71d291a9ee447582b36fa86463,2012-12,City of London Police,City of London Police,-0.094628,51.514203,On or near Cheapside,E01032739,City of London 001F,Public disorder and weapons,Offender fined,
6774bb8168ff041f745b3a9fc11c26e2b930a72b6a645d94c5793a9605c463b8,2012-12,City of London Police,City of London Police,-0.079786,51.517576,On or near Police Station,E01032739,City of London 001F,Public disorder and weapons,Investigation complete; no suspect identified,
327fa4eae4009b09041b244ab2a350736da7a3964c6885d6d395d3e9a5b00db9,2012-12,City of London Police,City of London Police,-0.080318,51.520678,On or near Primrose Street,E01032739,City of London 001F,Public disorder and weapons,Under investigation,
ed952b631c3926d088de885b6a8dd88fe40369865b27713607c1ea9baf7dc48e,2012-12,City of London Police,City of London Police,-0.078856,51.518433,On or near Artillery Lane,E01032739,City of London 001F,Public disorder and weapons,Investigation complete; no suspect identified,
31fdb191db8e8e24f53416c5c00a549400e06c1a533df3395f041ff6d875a887,2012-12,City of London Police,City of London Police,-0.100179,51.514158,On or near Shopping Area,E01032739,City of London 001F,Public disorder and weapons,Offender given a caution,
4120d5788ace234076f4cf195910b891b1c18fe0cc5c1c4d7aeeba9ed6fadba9,2012-12,City of London Police,City of London Police,-0.100179,51.514158,On or near Shopping Area,E01032739,City of London 001F,Public disorder and weapons,Court result unavailable,
e656b27a45407dca9f53fd0372dd3b958f75ee3818d871f94fba44505ea026ca,2012-12,City of London Police,City of London Police,-0.083755,51.514358,On or near Threadneedle Street,E01032739,City of London 001F,Public disorder and weapons,Investigation complete; no suspect identified,
67ed3d43bafabf20d4200a00483f27ebbeac816ef00e7a99d4a255b82eba8d98,2012-12,City of London Police,City of London Police,-0.091720,51.513454,On or near Supermarket,E01032739,City of London 001F,Public disorder and weapons,Offender otherwise dealt with,
a1801a95eff56a185c2529d5b194267edc35442fdedec897c0e5421e6b0a8fc9,2012-12,City of London Police,City of London Police,-0.080376,51.517244,On or near Supermarket,E01032739,City of London 001F,Public disorder and weapons,Investigation complete; no suspect identified,
8d6486b6d185e64dc52286913341050492f694ef7183b1d747a041035a6914dd,2012-12,City of London Police,City of London Police,-0.081620,51.516814,On or near Alderman'S Walk,E01032739,City of London 001F,Public disorder and weapons,Offender given a caution,
7f3a6945c05d7b0f9753706384913056e974d04ba8b8713981ff39bf64a87beb,2012-12,City of London Police,City of London Police,-0.094750,51.511624,On or near Little Trinity Lane,E01032739,City of London 001F,Robbery,Investigation complete; no suspect identified,
ad8d9526569e60c8eb96ae03b3423a16e507f0839fbbfd89ed67e8b884388c00,2012-12,City of London Police,City of London Police,-0.084723,51.514986,On or near Conference/Exhibition Centre,E01032739,City of London 001F,Robbery,Investigation complete; no suspect identified,
3cfbcac71923c9f8bebcdfe4cb0ddac65c6f33459175f3f47cb9e5929ed20622,2012-12,City of London Police,City of London Police,-0.084618,51.512682,On or near Gracechurch Street,E01032739,City of London 001F,Robbery,Investigation complete; no suspect identified,
48686a75a615b28d4042774c7519ff7eae6973ebc752c9b875ebc9eca6627931,2012-12,City of London Police,City of London Police,-0.085355,51.510563,On or near Pudding Lane,E01032739,City of London 001F,Robbery,Investigation complete; no suspect identified,
ad9cf0802807c7c2413ed70a7a0a3098f9d935a7ededb32e9f20b672a73cfc53,2012-12,City of London Police,City of London Police,-0.086728,51.510477,On or near King William Street,E01032739,City of London 001F,Shoplifting,Investigation complete; no suspect identified,
0e5c66db260fe5317917d07a891da2ad0bf16f070571f5d9f984620767c4b6aa,2012-12,City of London Police,City of London Police,-0.096363,51.513377,On or near New Change,E01032739,City of London 001F,Shoplifting,Investigation complete; no suspect identified,
6e537420b6b6dd5ffc75c0054126fe18a2e4154818fcd435a5b32ef972d4a47f,2012-12,City of London Police,City of London Police,-0.093465,51.514463,On or near Russia Row,E01032739,City of London 001F,Shoplifting,Investigation complete; no suspect identified,
eb3f873aeccd017dd35cf3a2d9ebcea81e41e1ab592c19169ce52ad95dd353db,2012-12,City of London Police,City of London Police,-0.096363,51.513377,On or near New Change,E01032739,City of London 001F,Shoplifting,Investigation complete; no suspect identified,
50520ffbc295dda460c8c6eb67f920552db35f28b62ff88a68ae77a9dff56811,2012-12,City of London Police,City of London Police,-0.085669,51.515100,On or near Austin Friars,E01032739,City of London 001F,Shoplifting,Investigation complete; no suspect identified,
2b537fb551201b1ae42f6889bb1d0646371c8e81644726c54e4c9a00d5fbfd9f,2012-12,City of London Police,City of London Police,-0.087118,51.513199,On or near Nightclub,E01032739,City of London 001F,Shoplifting,Investigation complete; no suspect identified,
3aeb175e53a6cb78107eaeb04a7c0b426964f126a34665b5cc28da6f66f3786b,2012-12,City of London Police,City of London Police,-0.085833,51.513952,On or near Finch Lane,E01032739,City of London 001F,Shoplifting,Investigation complete; no suspect identified,
fef44955705943621dee4333facb49336f235c7222acbf5bf62a653613e4de63,2012-12,City of London Police,City of London Police,-0.083086,51.511407,On or near Rood Lane,E01032739,City of London 001F,Shoplifting,Offender given suspended prison sentence,
43492aec5532abf337a3de8183ab5d36092bdb1b917e273e11eb759ef3b88eb6,2012-12,City of London Police,City of London Police,-0.080376,51.517244,On or near Supermarket,E01032739,City of London 001F,Shoplifting,Offender given conditional discharge,
534304ee11f4e19c5ee2e0bf7468569726daeb28c54fa2f5ae49d8c69a6ade41,2012-12,City of London Police,City of London Police,-0.096363,51.513377,On or near New Change,E01032739,City of London 001F,Shoplifting,Investigation complete; no suspect identified,
4d3691644dd16aa9a74a59d2ba9ef3077258d6c2736b08176a2ed8db07599599,2012-12,City of London Police,City of London Police,-0.083993,51.511440,On or near Philpot Lane,E01032739,City of London 001F,Shoplifting,Investigation complete; no suspect identified,
dd7745bb9e9cbee0fb295421ecd24a7017be436ffa5935fc0fe899cb82c82cbb,2012-12,City of London Police,City of London Police,-0.084967,51.512598,On or near Bell Inn Yard,E01032739,City of London 001F,Shoplifting,Offender otherwise dealt with,
6560979df1eb4282edecbdf4f3fa4641ec1ddc5560923d4d83e7c8b7e69d5cb4,2012-12,City of London Police,City of London Police,-0.085257,51.511200,On or near Talbot Court,E01032739,City of London 001F,Shoplifting,Offender given community sentence,
3bba6eae33abf2add7f17950ea6bfcbd2354acd6fda9453f4e8ce356e274d35a,2012-12,City of London Police,City of London Police,-0.079786,51.517576,On or near Police Station,E01032739,City of London 001F,Shoplifting,Investigation complete; no suspect identified,
1597be4cc3daeedda27d7da7910f009b043dbe34db8aff406fae7377816c01db,2012-12,City of London Police,City of London Police,-0.093465,51.514463,On or near Russia Row,E01032739,City of London 001F,Shoplifting,Investigation complete; no suspect identified,
a9fe44094b3358fe3af8c0c424a8a6524006e85d7ba17b2a0ac0b04f3dc4c73b,2012-12,City of London Police,City of London Police,-0.079786,51.517576,On or near Police Station,E01032739,City of London 001F,Shoplifting,Investigation complete; no suspect identified,
3792814ced4a1d937ec2c38312e5e89d54d128c1883a5fa83a6a505337f753b4,2012-12,City of London Police,City of London Police,-0.083417,51.513148,On or near Whittington Avenue,E01032739,City of London 001F,Shoplifting,Investigation complete; no suspect identified,
c5310fe518d5af8dc8799847c42e845fb85fe3e480d003d3e92cce6c86b0358b,2012-12,City of London Police,City of London Police,-0.084199,51.513394,On or near Cornhill,E01032739,City of London 001F,Shoplifting,Investigation complete; no suspect identified,
d5347da5a07b02b6802ae27818ffd72626ad6b48d2502acddf2cd75d5fcdafea,2012-12,City of London Police,City of London Police,-0.086393,51.510894,On or near Eastcheap,E01032739,City of London 001F,Shoplifting,Investigation complete; no suspect identified,
3231457cb8cd27ba7408d1cf51dc969a5ee8b3fe59308c83a6e45bc974d8a4f7,2012-12,City of London Police,City of London Police,-0.080728,51.511611,On or near Supermarket,E01032739,City of London 001F,Shoplifting,Offender sent to prison,
80c4621e946edd397bc062ecf8dc94c4782de20da193fb29b3c6d9c2b3e60336,2012-12,City of London Police,City of London Police,-0.096363,51.513377,On or near New Change,E01032739,City of London 001F,Shoplifting,Offender sent to prison,
6dbb142d8d0d2a412598dd96db8bbdc8e31007575dd7f39f0a2b872ec20702af,2012-12,City of London Police,City of London Police,-0.081620,51.516814,On or near Alderman'S Walk,E01032739,City of London 001F,Shoplifting,Investigation complete; no suspect identified,
8527b94eb2a6059c66a1f736d084a4c33a49a11ae6080d2ac42e06e7558ebd72,2012-12,City of London Police,City of London Police,-0.086393,51.510894,On or near Eastcheap,E01032739,City of London 001F,Shoplifting,Court result unavailable,
6f74367d7d1dbd41de63b377d3e27447f9452df9f8786344ad5bfc36a3ae59a6,2012-12,City of London Police,City of London Police,-0.084723,51.514986,On or near Conference/Exhibition Centre,E01032739,City of London 001F,Shoplifting,Offender given community sentence,
1a18f1de96824917df1525424eade170b40a88b841799a878179aa17a4b1e6b7,2012-12,City of London Police,City of London Police,-0.085669,51.515100,On or near Austin Friars,E01032739,City of London 001F,Shoplifting,Offender given a caution,
31ab51de4a454310515383dd6d5532f01102f5b2de0a5acf1ae6aac9d823caa7,2012-12,City of London Police,City of London Police,-0.086728,51.510477,On or near King William Street,E01032739,City of London 001F,Shoplifting,Investigation complete; no suspect identified,
f7b93d754573a2e6ac575fcfc65f272d3867e207850996bee4908393f60c0cce,2012-12,City of London Police,City of London Police,-0.077694,51.513171,On or near Aldgate,E01032739,City of London 001F,Shoplifting,Investigation complete; no suspect identified,
de73c48f40ddbfbea575b4f46cb409b146064bac24a394884ec379b787893c84,2012-12,City of London Police,City of London Police,-0.091720,51.513454,On or near Supermarket,E01032739,City of London 001F,Shoplifting,Offender given conditional discharge,
e5d97ec23893694ea4d9200e1d2d0ef9d226813be289c28664ab7509fd46058e,2012-12,City of London Police,City of London Police,-0.079786,51.517576,On or near Police Station,E01032739,City of London 001F,Shoplifting,Investigation complete; no suspect identified,
f93a8135cc91f0d1c047df968973e960b5560a75f00d92f527ed10119c7361d0,2012-12,City of London Police,City of London Police,-0.080376,51.517244,On or near Supermarket,E01032739,City of London 001F,Shoplifting,Investigation complete; no suspect identified,
38639e31ef3f75126eabe01c460011af5c7553e9ea85b8987f08730463a96972,2012-12,City of London Police,City of London Police,-0.100632,51.515739,On or near Warwick Lane,E01032739,City of London 001F,Shoplifting,Investigation complete; no suspect identified,
17ef0f6d3bc3e24cbf81dadac62b714524b6bf49f74efab11dd5007f9a20f306,2012-12,City of London Police,City of London Police,-0.082527,51.512027,On or near Cullum Street,E01032739,City of London 001F,Shoplifting,Court result unavailable,
a5c91b94c0e8ccd15d409c3c33ac28fe034464e2c31474b87ab82b8f6741e798,2012-12,City of London Police,City of London Police,-0.080376,51.517244,On or near Supermarket,E01032739,City of London 001F,Shoplifting,Court result unavailable,
f844d2bf08a5e923472c298a26ca67eecc0ca7f13063b49cb72d6f1e3c5fc700,2012-12,City of London Police,City of London Police,-0.086166,51.510828,On or near Eastcheap,E01032739,City of London 001F,Shoplifting,Offender given a caution,
79a3fc4cb80de6f7927afed87d26014324409e25f081b2079de8adbaa5258a74,2012-12,City of London Police,City of London Police,-0.096363,51.513377,On or near New Change,E01032739,City of London 001F,Shoplifting,Investigation complete; no suspect identified,
f73d9462b1e8376ef7f4ec9b3941c0916c80b646f502428b4725aea84cbf5b29,2012-12,City of London Police,City of London Police,-0.079786,51.517576,On or near Police Station,E01032739,City of London 001F,Shoplifting,Investigation complete; no suspect identified,
83c551ca6fdb31cefea04c410bfbf9cbb6afb3bab55980ce83f1ab90f280b411,2012-12,City of London Police,City of London Police,-0.078994,51.514137,On or near Heneage Place,E01032739,City of London 001F,Vehicle crime,Investigation complete; no suspect identified,
8203584067c87355c520593d2660a7f9d9ff0939c365bae5fe4b86423445c431,2012-12,City of London Police,City of London Police,-0.082571,51.514753,On or near Great St Helen'S,E01032739,City of London 001F,Vehicle crime,Investigation complete; no suspect identified,
864a91c71825b09866aecdc0670a1b421e5b6b0c5ee778806e6ebb2151001d42,2012-12,City of London Police,City of London Police,-0.092296,51.511386,On or near College Hill,E01032739,City of London 001F,Vehicle crime,Under investigation,
20f2497b8b78b170fcdadc286c625b9e006f00a7063b24921f016a6c160bae3e,2012-12,City of London Police,City of London Police,-0.082628,51.518189,On or near Sun Street Passage,E01032739,City of London 001F,Violent crime,Investigation complete; no suspect identified,
e9751566f2e6251c617d80645630b7fae11a05afbddd462f79587cf7e0799b71,2012-12,City of London Police,City of London Police,-0.089838,51.516067,On or near Coleman Street,E01032739,City of London 001F,Violent crime,Investigation complete; no suspect identified,
2178510dce1e4e3f26467ffcba779b6a5aec4031f8302595701cd1bac58a4e77,2012-12,City of London Police,City of London Police,-0.087666,51.511122,On or near Cannon Street,E01032739,City of London 001F,Violent crime,Investigation complete; no suspect identified,
b7009b4060298f5b867a26423ec1fd4363013acbc8569b2b403141a0c7447210,2012-12,City of London Police,City of London Police,-0.085669,51.515100,On or near Austin Friars,E01032739,City of London 001F,Violent crime,Investigation complete; no suspect identified,
2d61bcbf5ac21132b29388e95d07ffff8880ec68b6ed362afc1e2211397f0091,2012-12,City of London Police,City of London Police,-0.085149,51.517196,On or near Blomfield Street,E01032739,City of London 001F,Violent crime,Investigation complete; no suspect identified,
84b20a73f8799c3c6d9916ab355e2bc0dbc7479eb26f6ade0899d98db3cb02fb,2012-12,City of London Police,City of London Police,-0.084701,51.509320,On or near Lower Thames Street,E01032739,City of London 001F,Violent crime,Offender sent to prison,
cc97eb8de21d6d884f8123b71d107c355b14c5b31279400ef2d858729ba4482e,2012-12,City of London Police,City of London Police,-0.088955,51.513382,On or near Lombard Street,E01032739,City of London 001F,Violent crime,Investigation complete; no suspect identified,
07c1a972dceb5c3f489802781937221f952965ea9148ff122dd5ed6e0eb8dae0,2012-12,City of London Police,City of London Police,-0.088955,51.513382,On or near Lombard Street,E01032739,City of London 001F,Violent crime,Investigation complete; no suspect identified,
b81f0fcfc1c6a6ad635115f7dce7c4ea973d2197a366b95fb21c2a20bfe4c574,2012-12,City of London Police,City of London Police,-0.082571,51.514753,On or near Great St Helen'S,E01032739,City of London 001F,Violent crime,Investigation complete; no suspect identified,
91ef0cd340fa0a6c8a62d7745411a46bbf68922d31525e92a787f21b2fa7a5fb,2012-12,City of London Police,City of London Police,-0.082571,51.514753,On or near Great St Helen'S,E01032739,City of London 001F,Violent crime,Investigation complete; no suspect identified,
a87a0b97f8af2a21da380b4e40afcba77e53b5ea8bffb32c121b3c92705f0779,2012-12,City of London Police,City of London Police,-0.086278,51.509876,On or near Fish Street Hill,E01032739,City of London 001F,Violent crime,Investigation complete; no suspect identified,
30793995f805a2d92c8da839ec03913d26f7d46390501b1c9787e0c5e924d776,2012-12,City of London Police,City of London Police,-0.082571,51.514753,On or near Great St Helen'S,E01032739,City of London 001F,Violent crime,Investigation complete; no suspect identified,
e705f7195dd3c0f0852f620d2c90850885c49b92a476523deb43648967b673fd,2012-12,City of London Police,City of London Police,-0.082571,51.514753,On or near Great St Helen'S,E01032739,City of London 001F,Violent crime,Investigation complete; no suspect identified,
30596e8269552d9a230d1a0922bd1590f12b0c1fd4a42bfb773534be66d5a69c,2012-12,City of London Police,City of London Police,-0.086278,51.509876,On or near Fish Street Hill,E01032739,City of London 001F,Violent crime,Investigation complete; no suspect identified,
9beb7b8f9c06385608defeff9b200ebabd82f385cc1badd66d932906140e82b4,2012-12,City of London Police,City of London Police,-0.079786,51.517576,On or near Police Station,E01032739,City of London 001F,Violent crime,Investigation complete; no suspect identified,
c35c834536a96d0d71247f9304a19e78e792be93772b024f64a33067ef2a17d9,2012-12,City of London Police,City of London Police,-0.080728,51.511611,On or near Supermarket,E01032739,City of London 001F,Violent crime,Investigation complete; no suspect identified,
01d7ffa9964a1b51ec9004cb142168e77bbc9d18a938e604176361ad34be0208,2012-12,City of London Police,City of London Police,-0.080146,51.514848,On or near Bury Court,E01032739,City of London 001F,Violent crime,Investigation complete; no suspect identified,
f987f7fb5e6b287f394e96787ea19f95e8ba8af9a9554f0b9b5ab01cb4bba5cc,2012-12,City of London Police,City of London Police,-0.086272,51.513114,On or near Birchin Lane,E01032739,City of London 001F,Violent crime,Offender fined,
c25120aa13f6ce4fc0dce96d01e7c388f7991ff5463dea41bf0bb088c484d06f,2012-12,City of London Police,City of London Police,-0.089465,51.510855,On or near Gophir Lane,E01032739,City of London 001F,Violent crime,Defendant found not guilty,
ba731b73b87c3aa3a2c8712745975fbf8b4d130d339cb026129c36e2c7eb3293,2012-12,City of London Police,City of London Police,-0.094464,51.512959,On or near Watling Court,E01032739,City of London 001F,Violent crime,Offender sent to prison,
b1c0761cb87223cc1a5b658acbccc81dc92a59f41b72818b38035d32f53af457,2012-12,City of London Police,City of London Police,-0.077300,51.512607,On or near Carlisle Avenue,E01032739,City of London 001F,Violent crime,Investigation complete; no suspect identified,
d8c334dec8e061eb35ff9a0ef7858e0607ec4d711106e85323e41d18cfabbb06,2012-12,City of London Police,City of London Police,-0.087118,51.513199,On or near Nightclub,E01032739,City of London 001F,Violent crime,Offender given a caution,
945adb12e0d90ec3ef2ba3e67ece874cedeef6dd291490bdc7ebe1e2f2213cb9,2012-12,City of London Police,City of London Police,-0.101575,51.513857,On or near Ludgate Hill,E01032739,City of London 001F,Violent crime,Offender ordered to pay compensation,
9179f2bb38917f717a77113eb90d2ee45291419d2c1e03db963a043c310a6086,2012-12,City of London Police,City of London Police,-0.085669,51.515100,On or near Austin Friars,E01032739,City of London 001F,Violent crime,Offender sent to prison,
70183d12123359183486849f966801044b536e11692402e2dfd1b9d021fdc3cc,2012-12,City of London Police,City of London Police,-0.081938,51.513007,On or near Lime Street,E01032739,City of London 001F,Violent crime,Under investigation,
cd3ac69aa74389172ead39e37f3d49362862debdb12da92fe1a6a556ea05a3f3,2012-12,City of London Police,City of London Police,-0.089838,51.516067,On or near Coleman Street,E01032739,City of London 001F,Violent crime,Under investigation,
ae1d0ffbb9e7410de741f6a77abfa5a2d7819ea7c9d1a16d8728b44ad1ef1143,2012-12,City of London Police,City of London Police,-0.090985,51.516886,On or near Basinghall Avenue,E01032739,City of London 001F,Violent crime,Under investigation,
34f34e707261feb1c1da25ac656643aa69d1ba9747e536fb9b63abc56603fd69,2012-12,City of London Police,City of London Police,-0.091151,51.514992,On or near Gresham Street,E01032739,City of London 001F,Violent crime,Investigation complete; no suspect identified,
49e3160dfdef5307c78dfcfc02ad4bd6a765b01fa546b949792de118d894742f,2012-12,City of London Police,City of London Police,-0.083296,51.517058,On or near Old Broad Street,E01032739,City of London 001F,Violent crime,Offender sent to prison,
3b4658ca0d1ec5ea6a5606da60a15ba16a782260959645ece6d14bd905382047,2012-12,City of London Police,City of London Police,-0.081516,51.510014,On or near Great Tower Street,E01032739,City of London 001F,Violent crime,Offender given a caution,
f5612e5bd7b6c4764d3f5a94cbcd276bb9805f2b9dd28b435d7fea4b214cbfc7,2012-12,City of London Police,City of London Police,-0.101575,51.513857,On or near Ludgate Hill,E01032739,City of London 001F,Violent crime,Court result unavailable,
1be7a3fd2856ce4d12f41efeabeea989363c95eaf4dffb4f1a09e0e8ba87eb51,2012-12,City of London Police,City of London Police,-0.084618,51.512682,On or near Gracechurch Street,E01032739,City of London 001F,Violent crime,Under investigation,
fb93c6116d625be1df733f5b04c1b27d8d6a2e9468b161d788ca6b74dc32a480,2012-12,City of London Police,City of London Police,-0.079786,51.517576,On or near Police Station,E01032739,City of London 001F,Violent crime,Investigation complete; no suspect identified,
b9cfe08d6b302bcbe429edb6e7cf4c9cb8e93c863d0e0924936214bab405a0d7,2012-12,City of London Police,City of London Police,-0.083755,51.514358,On or near Threadneedle Street,E01032739,City of London 001F,Violent crime,Under investigation,
28eef7efc7ce92c7ef09d150f59b576f196dc1db46d10040d0f246d8b4523a9a,2012-12,City of London Police,City of London Police,-0.082965,51.516351,On or near Wormwood Street,E01032739,City of London 001F,Violent crime,Investigation complete; no suspect identified,
c207b597fa2bff1f6e7ba2003613aa40c334ce99c27f2b5331ae6bba7c5fec3a,2012-12,City of London Police,City of London Police,-0.093796,51.512391,On or near Pedestrian Subway,E01032739,City of London 001F,Violent crime,Under investigation,
38138ce2f1cffd8ec4482fb977dee895f86995e3b57dfb629fa61e8a94a81840,2012-12,City of London Police,City of London Police,-0.086051,51.513569,On or near Finch Lane,E01032739,City of London 001F,Violent crime,Under investigation,
44ad5ba544f7af2e9bfb8420641daafa248a856dc8dd11c1b9d11e0a4bece233,2012-12,City of London Police,City of London Police,-0.079875,51.510995,On or near Hart Street,E01032739,City of London 001F,Violent crime,Investigation complete; no suspect identified,
c516d7ff2aca3c974115db4ca130b9599255271027d212ab523796e27004ddc8,2012-12,City of London Police,City of London Police,-0.096643,51.512545,On or near Distaff Lane,E01032739,City of London 001F,Violent crime,Under investigation,
e58a45a98397751c03a5b13469fe076d559f4ae4e89ab6d89d20912fd6012648,2012-12,City of London Police,City of London Police,-0.083296,51.517058,On or near Old Broad Street,E01032739,City of London 001F,Violent crime,Under investigation,
374aa5924668c44c7c660544886e58973cdfb640f867f47301ac62e17272c891,2012-12,City of London Police,City of London Police,-0.090419,51.514917,On or near Gresham Street,E01032739,City of London 001F,Other crime,Court result unavailable,
2dd6033ad1f3955e843cfe0893aa9147af94898f352cf26c3b905ee6ba293747,2012-12,City of London Police,City of London Police,-0.101074,51.515162,On or near Warwick Square,E01032739,City of London 001F,Other crime,Investigation complete; no suspect identified,
f3d1bdef08fad4b6310ccbf95efa15c1da687de8f67aa2e74fb1f59b7c3f42ba,2012-12,City of London Police,City of London Police,-0.096363,51.513377,On or near New Change,E01032739,City of London 001F,Other crime,Offender sent to prison,
4a7abbe3ccf7be0ddc7c924cb13b9472892d9aeef9e059e015829265c2268ac0,2012-12,City of London Police,City of London Police,-0.088955,51.513382,On or near Lombard Street,E01032739,City of London 001F,Other crime,Court result unavailable,
c58059e81c61095270be4d63be964327e9f9af96cecc5919de5e2df045c574e3,2012-12,City of London Police,City of London Police,-0.082571,51.514753,On or near Great St Helen'S,E01032739,City of London 001F,Other crime,Offender sent to prison,
7934c3c0431c55f597eec0cfb3cc2511ad7e5b7edb8a0cb97dc5782a02247dec,2012-12,City of London Police,City of London Police,-0.081580,51.520510,On or near Pindar Street,E01032739,City of London 001F,Other crime,Offender given a caution,
864b50a759c5b0f2cd1e5cc8fe977e4f870bf9f863cca3a4232a6ce2120db53c,2012-12,City of London Police,City of London Police,-0.082571,51.514753,On or near Great St Helen'S,E01032739,City of London 001F,Other crime,Investigation complete; no suspect identified,
2244c6e1343b2bb36a4089624a6adf02d295d0e5f8f1cee8ae74e25502be12e5,2012-12,City of London Police,City of London Police,-0.085355,51.510563,On or near Pudding Lane,E01032739,City of London 001F,Other crime,Investigation complete; no suspect identified,
71dafc9cc2c953c4e04fc845b7a484b0347691634f92060e8da67adb4ad228bf,2012-12,City of London Police,City of London Police,-0.101575,51.513857,On or near Ludgate Hill,E01032739,City of London 001F,Other crime,Offender sent to prison,
9731f4bfa55975af7ffec124bb6086004cfabee654cf5a7b282188d6a70cb43a,2012-12,City of London Police,City of London Police,-0.078856,51.518433,On or near Artillery Lane,E01032739,City of London 001F,Other crime,Investigation complete; no suspect identified,
,2012-12,City of London Police,City of London Police,-0.109647,51.514887,On or near Fetter Lane,E01032740,City of London 001G,Anti-social behaviour,,
,2012-12,City of London Police,City of London Police,-0.103280,51.514109,On or near Ludgate Hill,E01032740,City of London 001G,Anti-social behaviour,,
,2012-12,City of London Police,City of London Police,-0.106922,51.514204,On or near Fleet Street,E01032740,City of London 001G,Anti-social behaviour,,
,2012-12,City of London Police,City of London Police,-0.099818,51.519017,On or near Cloth Fair,E01032740,City of London 001G,Anti-social behaviour,,
,2012-12,City of London Police,City of London Police,-0.099818,51.519017,On or near Cloth Fair,E01032740,City of London 001G,Anti-social behaviour,,
,2012-12,City of London Police,City of London Police,-0.101345,51.518709,On or near Parking Area,E01032740,City of London 001G,Anti-social behaviour,,
,2012-12,City of London Police,City of London Police,-0.109647,51.514887,On or near Fetter Lane,E01032740,City of London 001G,Anti-social behaviour,,
,2012-12,City of London Police,City of London Police,-0.111181,51.516476,On or near Cursitor Street,E01032740,City of London 001G,Anti-social behaviour,,
,2012-12,City of London Police,City of London Police,-0.099818,51.519017,On or near Cloth Fair,E01032740,City of London 001G,Anti-social behaviour,,
,2012-12,City of London Police,City of London Police,-0.103494,51.518654,On or near Shopping Area,E01032740,City of London 001G,Anti-social behaviour,,
,2012-12,City of London Police,City of London Police,-0.111132,51.512420,On or near Middle Temple Lane,E01032740,City of London 001G,Anti-social behaviour,,
,2012-12,City of London Police,City of London Police,-0.108231,51.513928,On or near Pleydell Street,E01032740,City of London 001G,Anti-social behaviour,,
,2012-12,City of London Police,City of London Police,-0.101345,51.518709,On or near Parking Area,E01032740,City of London 001G,Anti-social behaviour,,
,2012-12,City of London Police,City of London Police,-0.111181,51.516476,On or near Cursitor Street,E01032740,City of London 001G,Anti-social behaviour,,
,2012-12,City of London Police,City of London Police,-0.111181,51.516476,On or near Cursitor Street,E01032740,City of London 001G,Anti-social behaviour,,
,2012-12,City of London Police,City of London Police,-0.105134,51.513869,On or near Bride Lane,E01032740,City of London 001G,Anti-social behaviour,,
,2012-12,City of London Police,City of London Police,-0.111181,51.516476,On or near Cursitor Street,E01032740,City of London 001G,Anti-social behaviour,,
43c2e136d6942e58eb45d345907442945f0297382a67c6bca2ef2ad835534979,2012-12,City of London Police,City of London Police,-0.104134,51.514699,On or near Old Seacoal Lane,E01032740,City of London 001G,Burglary,Investigation complete; no suspect identified,
5b9a56d72c2d36001ecf26861545bc10a7ac53db234059d534ce06f2c79898b1,2012-12,City of London Police,City of London Police,-0.104973,51.512887,On or near Bridewell Place,E01032740,City of London 001G,Burglary,Investigation complete; no suspect identified,
5c401529c5beaf1b5b8558a3344f1e0315dd8d2b1bd305ddc470bac54f68737e,2012-12,City of London Police,City of London Police,-0.101963,51.519097,On or near Conference/Exhibition Centre,E01032740,City of London 001G,Burglary,Offender sent to prison,
e24c4fd5fd7f9d57292b9d1f67187785f87ce49580466260ed0eaa4ba31fef0e,2012-12,City of London Police,City of London Police,-0.108231,51.513928,On or near Pleydell Street,E01032740,City of London 001G,Burglary,Defendant found not guilty,
7148d0005d335da047df9d8628b0b2780cb14fd04e663981cdce456308811b3a,2012-12,City of London Police,City of London Police,-0.107910,51.515047,On or near Gough Square,E01032740,City of London 001G,Burglary,Investigation complete; no suspect identified,
a52532c86532eb6051847a44fcab819051096acf129f36dabfc6041b863c76bf,2012-12,City of London Police,City of London Police,-0.099818,51.519017,On or near Cloth Fair,E01032740,City of London 001G,Burglary,Offender given conditional discharge,
2a04add8c87b417029ff0bebe063f4395b7a588f68506a80c368054b2743a5f3,2012-12,City of London Police,City of London Police,-0.102412,51.517297,On or near Cock Lane,E01032740,City of London 001G,Drugs,Offender given a drugs possession warning,
5b747f7daa7e84785cda05224104e56c75bb7a02d49552b174f58900a7b155b6,2012-12,City of London Police,City of London Police,-0.101794,51.516207,On or near Newgate Street,E01032740,City of London 001G,Drugs,Offender given a drugs possession warning,
a5b5f1c8d85ee5336c4ac90c1d3df78efd7da81049820cb7535fd669356a0db4,2012-12,City of London Police,City of London Police,-0.104909,51.517912,On or near Parking Area,E01032740,City of London 001G,Other theft,Investigation complete; no suspect identified,
991864cc289e2c88d11314447aa97890e140c50b185bfb36c3203636b1750b15,2012-12,City of London Police,City of London Police,-0.109709,51.517909,On or near High Holborn,E01032740,City of London 001G,Other theft,Investigation complete; no suspect identified,
41b166dd62a31c318bcd3b62de0e0031c41c82f728ffc2ff0ce5192edb361a77,2012-12,City of London Police,City of London Police,-0.106680,51.515882,On or near Parking Area,E01032740,City of London 001G,Other theft,Investigation complete; no suspect identified,
1158d4be37f64f21bfe94e41266a273e205fbd98a38dd11854edfac758a1929e,2012-12,City of London Police,City of London Police,-0.104281,51.516032,On or near Bear Alley,E01032740,City of London 001G,Other theft,Investigation complete; no suspect identified,
980559364d1f671694ec48d46e6633431cc9fd283895a5a00e844267f8ea65a7,2012-12,City of London Police,City of London Police,-0.105134,51.513869,On or near Bride Lane,E01032740,City of London 001G,Other theft,Investigation complete; no suspect identified,
e033acb68aeffcc811e1c7ff72d6e614af602464f0d1d6f139d9747ed0dcc537,2012-12,City of London Police,City of London Police,-0.104281,51.516032,On or near Bear Alley,E01032740,City of London 001G,Other theft,Investigation complete; no suspect identified,
01f70845adb2cf26f7ff119ee1d195b97783c73c033cf9b81b4e269bf0560489,2012-12,City of London Police,City of London Police,-0.100884,51.516966,On or near Hospital,E01032740,City of London 001G,Other theft,Investigation complete; no suspect identified,
fd7d4ebe016557de9ef86fc27793e229ff923f6e9b438c34ce0db7254e5b6d72,2012-12,City of London Police,City of London Police,-0.104281,51.516032,On or near Bear Alley,E01032740,City of London 001G,Other theft,Investigation complete; no suspect identified,
e4929f22727cb60d4321b83c270911d464af427858636957d88d9dfb4692e220,2012-12,City of London Police,City of London Police,-0.109155,51.516668,On or near Fetter Lane,E01032740,City of London 001G,Other theft,Investigation complete; no suspect identified,
994e6bba8ffe66c7606ddb6cda9a668fd94062d1d6123b58a0e29ccfea5b4867,2012-12,City of London Police,City of London Police,-0.107147,51.517130,On or near St Andrew Street,E01032740,City of London 001G,Other theft,Investigation complete; no suspect identified,
726fbe3c38f3a24f5b46ed39f7b78bffb4ba600f9194c959ced3beb7c7d58639,2012-12,City of London Police,City of London Police,-0.105134,51.513869,On or near Bride Lane,E01032740,City of London 001G,Other theft,Investigation complete; no suspect identified,
cb97c283eaea415c29c04c34b5290e06b95e272716db401af5bc3801894bc3e3,2012-12,City of London Police,City of London Police,-0.106680,51.515882,On or near Parking Area,E01032740,City of London 001G,Other theft,Investigation complete; no suspect identified,
98a2af67279c92839c6239d91b048141cfea0ed7492963f7f87ec8491a930c1f,2012-12,City of London Police,City of London Police,-0.112939,51.518231,On or near Southampton Buildings,E01032740,City of London 001G,Other theft,Investigation complete; no suspect identified,
0705e3618fd6bc1276cecb980b6a582f4941b88545e7f32e32abbba2a3dfd71b,2012-12,City of London Police,City of London Police,-0.102502,51.516165,On or near Green Arbour Court,E01032740,City of London 001G,Other theft,Investigation complete; no suspect identified,
beb0647baa07cf766c58d51835170a04bcf5a0e7f1414453590bc033bdf23913,2012-12,City of London Police,City of London Police,-0.101345,51.518709,On or near Parking Area,E01032740,City of London 001G,Other theft,Investigation complete; no suspect identified,
30bc3c5d9c1817810865b8ab19898f2d070d9f040b257d78e068f8e8f200af16,2012-12,City of London Police,City of London Police,-0.106680,51.515882,On or near Parking Area,E01032740,City of London 001G,Other theft,Investigation complete; no suspect identified,
e0642172c49a7a0d01f103fdf885194ef0179e3c0b54185be811c49f3f55a0e0,2012-12,City of London Police,City of London Police,-0.101345,51.518709,On or near Parking Area,E01032740,City of London 001G,Other theft,Investigation complete; no suspect identified,
4654d57c63b73db82dd952d170e26af4519e3fcfbbada7a2f62ad58d3d3846f0,2012-12,City of London Police,City of London Police,-0.102412,51.517297,On or near Cock Lane,E01032740,City of London 001G,Other theft,Investigation complete; no suspect identified,
1027098a88b3eac54c8267c354f7edd36e844d377ee9c6fe3a44d04e7a75f7bf,2012-12,City of London Police,City of London Police,-0.106680,51.515882,On or near Parking Area,E01032740,City of London 001G,Other theft,Investigation complete; no suspect identified,
2a6cd4a6eda319884a0ea483d73d6f1121b354ca84babe19394e5d97e0959ac1,2012-12,City of London Police,City of London Police,-0.102721,51.515404,On or near St Georges'S Court,E01032740,City of London 001G,Other theft,Investigation complete; no suspect identified,
e5682c848a74fc9ce2fe6e32dbc961931f42970bbe6c0f0646031ae59d37ecad,2012-12,City of London Police,City of London Police,-0.098148,51.517938,On or near Albion Way,E01032740,City of London 001G,Other theft,Investigation complete; no suspect identified,
5dcc777d872d066a69adb39ea8843eb64dc5482fed23d7f6e16b880223903a60,2012-12,City of London Police,City of London Police,-0.110710,51.513914,On or near Fleet Street,E01032740,City of London 001G,Other theft,Under investigation,
dcca2d0ff958c2cea969cad9198d0751440379cbee10d780daf04435936fba83,2012-12,City of London Police,City of London Police,-0.104134,51.514699,On or near Old Seacoal Lane,E01032740,City of London 001G,Other theft,Investigation complete; no suspect identified,
93cf4a80d728246a5fe0024cb2e9b0b1f77b153863ac1af29a96002de7e37f17,2012-12,City of London Police,City of London Police,-0.105134,51.513869,On or near Bride Lane,E01032740,City of London 001G,Other theft,Under investigation,
d3b3244cf206fb527314a31b2dd1184f3975e9ee8093b106b01822d0fa863aa1,2012-12,City of London Police,City of London Police,-0.110710,51.513914,On or near Fleet Street,E01032740,City of London 001G,Other theft,Investigation complete; no suspect identified,
82cddd7deb4ef4bfdd6c62fcbe919476be3495908fc8c5826b859944d7b8965e,2012-12,City of London Police,City of London Police,-0.098500,51.519526,On or near Middle Street,E01032740,City of London 001G,Public disorder and weapons,Defendant found not guilty,
05dcfe7309b7a9cef7eaffcbd39735c98a30648901d1887d1b565c610be41381,2012-12,City of London Police,City of London Police,-0.104621,51.512692,On or near Supermarket,E01032740,City of London 001G,Public disorder and weapons,Court result unavailable,
e97f566e04dfb93de38c31f7df972264da971830136ee802f6a7aa264311f5e6,2012-12,City of London Police,City of London Police,-0.108283,51.517526,On or near Supermarket,E01032740,City of London 001G,Shoplifting,Investigation complete; no suspect identified,
1c61914f93e5113c6fc01a9cbfb5fdddcf894bf7fc8e0bbc579bebe757a5efc1,2012-12,City of London Police,City of London Police,-0.104621,51.512692,On or near Supermarket,E01032740,City of London 001G,Shoplifting,Investigation complete; no suspect identified,
bad2b0463c0955e86ccd2ea4a9f0e0a8a7c489f2c1f945ab189dec58508a72c7,2012-12,City of London Police,City of London Police,-0.104281,51.516032,On or near Bear Alley,E01032740,City of London 001G,Vehicle crime,Investigation complete; no suspect identified,
2f3e76bb862bef2f5568b28d660ee84ef6d3784038ceb7bcfd2d3fc02b6f46d4,2012-12,City of London Police,City of London Police,-0.104281,51.516032,On or near Bear Alley,E01032740,City of London 001G,Vehicle crime,Investigation complete; no suspect identified,
035419b62ba89a1166291e429b070281c17c1a6481b684aeef580725b39ed55e,2012-12,City of London Police,City of London Police,-0.107148,51.511879,On or near Tallis Street,E01032740,City of London 001G,Vehicle crime,Investigation complete; no suspect identified,
ec083aba7c7f59d38add3dd47f418740882fd6029e27d3fc4b576cbc679a4294,2012-12,City of London Police,City of London Police,-0.112519,51.517568,On or near Southampton Buildings,E01032740,City of London 001G,Violent crime,Under investigation,
010e10a795772ccdc6b981878607d9a8acd9ef73fe3afe0714db1693fe0f2cf8,2012-12,City of London Police,City of London Police,-0.102930,51.518375,On or near West Smithfield,E01032740,City of London 001G,Violent crime,Offender given a caution,
c541e31a5c70e052670536ae4a672c8c6fdd83d42d0c24227f44e441fcec8e45,2012-12,City of London Police,City of London Police,-0.104621,51.512692,On or near Supermarket,E01032740,City of London 001G,Violent crime,Offender given community sentence,
73412ec5837dc37e63de3c7ea0787730781d2154b16f9f3eeaf0804ae97a21fa,2012-12,City of London Police,City of London Police,-0.104621,51.512692,On or near Supermarket,E01032740,City of London 001G,Violent crime,Investigation complete; no suspect identified,
09ed7ec5cafff761e695aea62860e6c939c42b04af57a0f8dd60646c1d28f7e4,2012-12,City of London Police,City of London Police,-0.112939,51.518231,On or near Southampton Buildings,E01032740,City of London 001G,Violent crime,Investigation complete; no suspect identified,
518ad10a15c47753b2ad92c98048883aa794b168338cf13678ad1aa498cb5700,2012-12,City of London Police,City of London Police,-0.108175,51.512830,On or near Parking Area,E01032740,City of London 001G,Other crime,Court result unavailable,
240823e847d5ae4c274af26d7b365c0121fe2d162929618bc2eb8e7a5f82a51b,2012-12,City of London Police,City of London Police,-0.227245,51.518413,On or near Caverswall Street,E01001874,Hammersmith and Fulham 001A,Other theft,Investigation complete; no suspect identified,
ea401f7c01d82501fd670a4b7ffefd5d8d0ee6cc3228d46ad7bd48e2ed7162aa,2012-12,City of London Police,City of London Police,-0.113238,51.524252,On or near Phoenix Place,E01002726,Islington 022F,Other theft,Investigation complete; no suspect identified,
,2012-12,City of London Police,City of London Police,-0.097210,51.523156,On or near Baltic Street West,E01033490,Islington 022H,Anti-social behaviour,,
,2012-12,City of London Police,City of London Police,-0.097210,51.523156,On or near Baltic Street West,E01033490,Islington 022H,Anti-social behaviour,,
,2012-12,City of London Police,City of London Police,-0.098138,51.520609,On or near Carthusian Street,E01033490,Islington 022H,Anti-social behaviour,,
,2012-12,City of London Police,City of London Police,-0.098138,51.520609,On or near Carthusian Street,E01033490,Islington 022H,Anti-social behaviour,,
,2012-12,City of London Police,City of London Police,-0.089858,51.520744,On or near Chiswell Street,E01002704,Islington 023D,Anti-social behaviour,,
,2012-12,City of London Police,City of London Police,-0.086459,51.522388,On or near Nightclub,E01002704,Islington 023D,Anti-social behaviour,,
cbb2991110e5bbe053b630c563418472207038cedde631dc063dd2731c230803,2012-12,City of London Police,City of London Police,-0.088767,51.520303,On or near Finsbury Street,E01002704,Islington 023D,Other theft,Investigation complete; no suspect identified,
1e9cdb19762cb486faaf6a9647cef4633649d33515b279b171002ac9b83c3ced,2012-12,City of London Police,City of London Police,-0.087084,51.519530,On or near Shopping Area,E01002704,Islington 023D,Violent crime,Investigation complete; no suspect identified,
aa9074394fff5c40737dd43cb26591758e263940915deda091b5f50b6e6c5294,2012-12,City of London Police,City of London Police,0.738645,51.529989,On or near Eastern Esplanade,E01015891,Southend-on-Sea 016C,Burglary,Offender sent to prison,
636402465b12a0a762f2b6afe8cfa677338f99a52df7c54194bdaf244ddd1046,2012-12,City of London Police,City of London Police,-0.078718,51.521038,On or near Norton Folgate,E01004307,Tower Hamlets 015B,Criminal damage and arson,Under investigation,
6df373e315c652b69a07fa0909aae5c53da34efb26ede71d6c2a915de8c64f04,2012-12,City of London Police,City of London Police,-0.077601,51.518799,On or near Steward Street,E01004307,Tower Hamlets 015B,Other theft,Investigation complete; no suspect identified,
907f460b2791bc1e180d1e7c5d9bb8f80d85d8898d0afcd0ef5217cd2a990a3f,2012-12,City of London Police,City of London Police,-0.076779,51.520863,On or near Folgate Street,E01004307,Tower Hamlets 015B,Other theft,Investigation complete; no suspect identified,
dac7a4ecd628b4a300821cf058154abc285490c3c1030d45592c9760c80df55e,2012-12,City of London Police,City of London Police,-0.079080,51.519615,On or near Bishopsgate,E01004307,Tower Hamlets 015B,Other theft,Investigation complete; no suspect identified,
a6c4761705ab5f4ad883cec044c6c9e4160d69f44968b34c5424a859f9fb7b42,2012-12,City of London Police,City of London Police,-0.077601,51.518799,On or near Steward Street,E01004307,Tower Hamlets 015B,Other theft,Investigation complete; no suspect identified,
05a40f3c8dc30f8ea53d08144878b1336d9aaa94cbd9e8b5293a559d48cf9e8c,2012-12,City of London Police,City of London Police,-0.077601,51.518799,On or near Steward Street,E01004307,Tower Hamlets 015B,Other theft,Investigation complete; no suspect identified,
,2012-12,City of London Police,City of London Police,-0.075411,51.516047,On or near New Goulston Street,E01004310,Tower Hamlets 015E,Anti-social behaviour,,
,2012-12,City of London Police,City of London Police,-0.075411,51.516047,On or near New Goulston Street,E01004310,Tower Hamlets 015E,Anti-social behaviour,,
,2012-12,City of London Police,City of London Police,-0.075411,51.516047,On or near New Goulston Street,E01004310,Tower Hamlets 015E,Anti-social behaviour,,
,2012-12,City of London Police,City of London Police,-0.074901,51.506255,On or near A100,E01004293,Tower Hamlets 027B,Anti-social behaviour,,
44f0e6893635981da9eb57445b6ad30e854631a107d5044c0a08cbb234829ce1,2012-12,City of London Police,City of London Police,-0.074901,51.506255,On or near A100,E01004293,Tower Hamlets 027B,Drugs,Offender given a drugs possession warning,
7ee22c24142fb43b61d0cb9d6f9247d8b740d7572b263d5625477aa1221e7ee7,2012-12,City of London Police,City of London Police,-0.074901,51.506255,On or near A100,E01004293,Tower Hamlets 027B,Drugs,Offender given a drugs possession warning,
b5aeaa8a6f96caf12343ef6bd9b8abfbb16874493546a2c2ab6b379b3d11de3e,2012-12,City of London Police,City of London Police,-0.074901,51.506255,On or near A100,E01004293,Tower Hamlets 027B,Drugs,Offender given a drugs possession warning,
58b7b4085721b0e73884729f64e13d9d235d7937ab30c07aa8ae525455dedb35,2012-12,City of London Police,City of London Police,,,No Location,,,Burglary,Under investigation,
c5e7b55c574b9097f8f276bdf47e110f438d45af355891d16569284ed22b14db,2012-12,City of London Police,City of London Police,,,No Location,,,Drugs,Offender given a caution,
4fb91aa89ac4c3b1d306ed140c23fe63a23e586488e70e975aee4a7e628e954a,2012-12,City of London Police,City of London Police,,,No Location,,,Drugs,Offender given a caution,
b0e721af84ff12f7e338f1d04b077c954d35ca54d32671340e64b06891030591,2012-12,City of London Police,City of London Police,,,No Location,,,Other theft,Investigation complete; no suspect identified,
93e77111a244154181cbcfc1e22bbdff4e40a127fa0c97b06074a59793f608b2,2012-12,City of London Police,City of London Police,,,No Location,,,Other theft,Investigation complete; no suspect identified,
8501ef6c5b9b802d19fda0201da235fbe0916abf6cd0988bf1ff8541aab82772,2012-12,City of London Police,City of London Police,,,No Location,,,Other theft,Investigation complete; no suspect identified,
f95c02e886887fd174e438050eed6494a52be0e19c51c1097eee2a5beca7790f,2012-12,City of London Police,City of London Police,,,No Location,,,Other theft,Investigation complete; no suspect identified,
23afce690e04eecdfbf2716fb2322ebce109648bef46c517cf2a0e7b745c01f1,2012-12,City of London Police,City of London Police,,,No Location,,,Other theft,Investigation complete; no suspect identified,
b78f085fc853c32caa94d8f5d1fe107e4ca977729b43224e2e3f7696f120a2ef,2012-12,City of London Police,City of London Police,,,No Location,,,Other theft,Investigation complete; no suspect identified,
6cc8dbcdbadda355033778bea68f9b1fa94c61f2ee1ccef54cb9f13aea3b1595,2012-12,City of London Police,City of London Police,,,No Location,,,Other theft,Under investigation,
eec1f77466459f14751b21f89ddd8396585e9751d5d9d95188a09b8bb5b0cbaf,2012-12,City of London Police,City of London Police,,,No Location,,,Other theft,Court result unavailable,
9c83c6fe9ea6db6bb5ae87db384ce69dc1bbc645eacc6cbc3ac5d3cefef5b330,2012-12,City of London Police,City of London Police,,,No Location,,,Other theft,Under investigation,
06a3baa5fc0ba87af8e3a7248ccc99f2154880f2daf23f9e03426fbb57dc72df,2012-12,City of London Police,City of London Police,,,No Location,,,Shoplifting,Court result unavailable,
2a9bee1059b8aec390b4d992ccac007d2f2c4f42c993f94457f20004c07e2b90,2012-12,City of London Police,City of London Police,,,No Location,,,Violent crime,Investigation complete; no suspect identified,
5ba85c3b2748197257d0569d4983974b18f48d7ff72fef2905fa1523afa4eb98,2012-12,City of London Police,City of London Police,,,No Location,,,Other crime,Offender sent to prison,
d142c2a8461e639094255e2f530bdef1f89eb2fc87e432ac764965f99c0c1b35,2012-12,City of London Police,City of London Police,,,No Location,,,Other crime,Defendant found not guilty,
